	HB.var_c
0	1.10000000000000009E0
1	2.10000000000000009E0
2	3.10000000000000009E0
3	4.09999999999999964E0
4	5.09999999999999964E0
5	6.09999999999999964E0
6	7.09999999999999964E0
7	8.09999999999999964E0
8	9.09999999999999964E0
9	1.01000000000000001E1
10	1.10999999999999988E1
11	1.20999999999999996E1
12	1.31000000000000005E1
13	1.40999999999999992E1
14	1.51000000000000001E1
15	1.61000000000000010E1
16	1.71000000000000019E1
17	1.81000000000000005E1
18	1.91000000000000014E1
19	2.01000000000000023E1
20	2.11000000000000032E1
21	2.20999999999999996E1
22	2.21999999999999975E1


var_c	harmindex	freq[0, ::]
1.10000000000000009E0	0	0.00000000000000000E0
1.10000000000000009E0	1	2.65031026598366770E9
1.10000000000000009E0	2	5.30062053196733540E9
1.10000000000000009E0	3	7.95093079795100266E9
1.10000000000000009E0	4	1.06012410639346699E10
1.10000000000000009E0	5	1.32515513299183385E10
1.10000000000000009E0	6	1.59018615959020049E10
1.10000000000000009E0	7	1.85521718618856757E10
1.10000000000000009E0	8	2.12024821278693398E10
1.10000000000000009E0	9	2.38527923938530106E10
1.10000000000000009E0	10	2.65031026598366770E10

var_c	harmindex	freq[1, ::]
2.10000000000000009E0	0	0.00000000000000000E0
2.10000000000000009E0	1	2.57192547577674180E9
2.10000000000000009E0	2	5.14385095155348360E9
2.10000000000000009E0	3	7.71577642733022362E9
2.10000000000000009E0	4	1.02877019031069672E10
2.10000000000000009E0	5	1.28596273788837090E10
2.10000000000000009E0	6	1.54315528546604464E10
2.10000000000000009E0	7	1.80034783304371926E10
2.10000000000000009E0	8	2.05754038062139344E10
2.10000000000000009E0	9	2.31473292819906717E10
2.10000000000000009E0	10	2.57192547577674180E10

var_c	harmindex	freq[2, ::]
3.10000000000000009E0	0	0.00000000000000000E0
3.10000000000000009E0	1	2.53754547462594626E9
3.10000000000000009E0	2	5.07509094925189252E9
3.10000000000000009E0	3	7.61263642387783968E9
3.10000000000000009E0	4	1.01501818985037850E10
3.10000000000000009E0	5	1.26877273731297313E10
3.10000000000000009E0	6	1.52252728477556798E10
3.10000000000000009E0	7	1.77628183223816238E10
3.10000000000000009E0	8	2.03003637970075701E10
3.10000000000000009E0	9	2.28379092716335119E10
3.10000000000000009E0	10	2.53754547462594626E10

var_c	harmindex	freq[3, ::]
4.09999999999999964E0	0	0.00000000000000000E0
4.09999999999999964E0	1	2.51823827530540312E9
4.09999999999999964E0	2	5.03647655061080624E9
4.09999999999999964E0	3	7.55471482591620980E9
4.09999999999999964E0	4	1.00729531012216134E10
4.09999999999999964E0	5	1.25911913765270156E10
4.09999999999999964E0	6	1.51094296518324200E10
4.09999999999999964E0	7	1.76276679271378223E10
4.09999999999999964E0	8	2.01459062024432267E10
4.09999999999999964E0	9	2.26641444777486267E10
4.09999999999999964E0	10	2.51823827530540312E10

var_c	harmindex	freq[4, ::]
5.09999999999999964E0	0	0.00000000000000000E0
5.09999999999999964E0	1	2.50587563715394435E9
5.09999999999999964E0	2	5.01175127430788869E9
5.09999999999999964E0	3	7.51762691146183393E9
5.09999999999999964E0	4	1.00235025486157769E10
5.09999999999999964E0	5	1.25293781857697217E10
5.09999999999999964E0	6	1.50352538229236687E10
5.09999999999999964E0	7	1.75411294600776091E10
5.09999999999999964E0	8	2.00470050972315539E10
5.09999999999999964E0	9	2.25528807343855009E10
5.09999999999999964E0	10	2.50587563715394435E10

var_c	harmindex	freq[5, ::]
6.09999999999999964E0	0	0.00000000000000000E0
6.09999999999999964E0	1	2.49728245228230428E9
6.09999999999999964E0	2	4.99456490456460855E9
6.09999999999999964E0	3	7.49184735684691283E9
6.09999999999999964E0	4	9.98912980912921711E9
6.09999999999999964E0	5	1.24864122614115214E10
6.09999999999999964E0	6	1.49836947136938248E10
6.09999999999999964E0	7	1.74809771659761282E10
6.09999999999999964E0	8	1.99782596182584338E10
6.09999999999999964E0	9	2.24755420705407349E10
6.09999999999999964E0	10	2.49728245228230428E10

var_c	harmindex	freq[6, ::]
7.09999999999999964E0	0	0.00000000000000000E0
7.09999999999999964E0	1	2.49096303108211448E9
7.09999999999999964E0	2	4.98192606216422895E9
7.09999999999999964E0	3	7.47288909324634254E9
7.09999999999999964E0	4	9.96385212432845790E9
7.09999999999999964E0	5	1.24548151554105724E10
7.09999999999999964E0	6	1.49457781864926842E10
7.09999999999999964E0	7	1.74367412175747960E10
7.09999999999999964E0	8	1.99277042486569167E10
7.09999999999999964E0	9	2.24186672797390285E10
7.09999999999999964E0	10	2.49096303108211448E10

var_c	harmindex	freq[7, ::]
8.09999999999999964E0	0	0.00000000000000000E0
8.09999999999999964E0	1	2.48612048800241814E9
8.09999999999999964E0	2	4.97224097600483628E9
8.09999999999999964E0	3	7.45836146400725397E9
8.09999999999999964E0	4	9.94448195200967255E9
8.09999999999999964E0	5	1.24306024400120885E10
8.09999999999999964E0	6	1.49167229280145075E10
8.09999999999999964E0	7	1.74028434160169176E10
8.09999999999999964E0	8	1.98889639040193456E10
8.09999999999999964E0	9	2.23750843920217601E10
8.09999999999999964E0	10	2.48612048800241769E10

var_c	harmindex	freq[8, ::]
9.09999999999999964E0	0	0.00000000000000000E0
9.09999999999999964E0	1	2.48229132461973379E9
9.09999999999999964E0	2	4.96458264923946757E9
9.09999999999999964E0	3	7.44687397385920047E9
9.09999999999999964E0	4	9.92916529847893514E9
9.09999999999999964E0	5	1.24114566230986689E10
9.09999999999999964E0	6	1.48937479477184009E10
9.09999999999999964E0	7	1.73760392723381374E10
9.09999999999999964E0	8	1.98583305969578694E10
9.09999999999999964E0	9	2.23406219215775925E10
9.09999999999999964E0	10	2.48229132461973379E10

var_c	harmindex	freq[9, ::]
1.01000000000000001E1	0	0.00000000000000000E0
1.01000000000000001E1	1	2.47918759966017088E9
1.01000000000000001E1	2	4.95837519932034176E9
1.01000000000000001E1	3	7.43756279898051087E9
1.01000000000000001E1	4	9.91675039864068353E9
1.01000000000000001E1	5	1.23959379983008544E10
1.01000000000000001E1	6	1.48751255979610209E10
1.01000000000000001E1	7	1.73543131976211962E10
1.01000000000000001E1	8	1.98335007972813671E10
1.01000000000000001E1	9	2.23126883969415335E10
1.01000000000000001E1	10	2.47918759966017088E10

var_c	harmindex	freq[10, ::]
1.10999999999999988E1	0	0.00000000000000000E0
1.10999999999999988E1	1	2.47662100421189546E9
1.10999999999999988E1	2	4.95324200842379092E9
1.10999999999999988E1	3	7.42986301263568727E9
1.10999999999999988E1	4	9.90648401684758184E9
1.10999999999999988E1	5	1.23831050210594795E10
1.10999999999999988E1	6	1.48597260252713737E10
1.10999999999999988E1	7	1.73363470294832678E10
1.10999999999999988E1	8	1.98129680336951641E10
1.10999999999999988E1	9	2.22895890379070583E10
1.10999999999999988E1	10	2.47662100421189590E10

var_c	harmindex	freq[11, ::]
1.20999999999999996E1	0	0.00000000000000000E0
1.20999999999999996E1	1	2.47446322618662196E9
1.20999999999999996E1	2	4.94892645237324391E9
1.20999999999999996E1	3	7.42338967855986720E9
1.20999999999999996E1	4	9.89785290474648782E9
1.20999999999999996E1	5	1.23723161309331098E10
1.20999999999999996E1	6	1.48467793571197348E10
1.20999999999999996E1	7	1.73212425833063510E10
1.20999999999999996E1	8	1.97957058094929761E10
1.20999999999999996E1	9	2.22701690356795945E10
1.20999999999999996E1	10	2.47446322618662196E10

var_c	harmindex	freq[12, ::]
1.31000000000000005E1	0	0.00000000000000000E0
1.31000000000000005E1	1	2.47262379945303934E9
1.31000000000000005E1	2	4.94524759890607868E9
1.31000000000000005E1	3	7.41787139835912068E9
1.31000000000000005E1	4	9.89049519781215736E9
1.31000000000000005E1	5	1.23631189972651967E10
1.31000000000000005E1	6	1.48357427967182409E10
1.31000000000000005E1	7	1.73083665961712763E10
1.31000000000000005E1	8	1.97809903956243138E10
1.31000000000000005E1	9	2.22536141950773558E10
1.31000000000000005E1	10	2.47262379945303934E10

var_c	harmindex	freq[13, ::]
1.40999999999999992E1	0	0.00000000000000000E0
1.40999999999999992E1	1	2.47103711086389444E9
1.40999999999999992E1	2	4.94207422172778887E9
1.40999999999999992E1	3	7.41311133259168464E9
1.40999999999999992E1	4	9.88414844345557775E9
1.40999999999999992E1	5	1.23551855543194766E10
1.40999999999999992E1	6	1.48262226651833684E10
1.40999999999999992E1	7	1.72972597760472624E10
1.40999999999999992E1	8	1.97682968869111564E10
1.40999999999999992E1	9	2.22393339977750548E10
1.40999999999999992E1	10	2.47103711086389533E10

var_c	harmindex	freq[14, ::]
1.51000000000000001E1	0	0.00000000000000000E0
1.51000000000000001E1	1	2.46965443043608790E9
1.51000000000000001E1	2	4.93930886087217580E9
1.51000000000000001E1	3	7.40896329130826281E9
1.51000000000000001E1	4	9.87861772174435160E9
1.51000000000000001E1	5	1.23482721521804328E10
1.51000000000000001E1	6	1.48179265826165252E10
1.51000000000000001E1	7	1.72875810130526086E10
1.51000000000000001E1	8	1.97572354434887032E10
1.51000000000000001E1	9	2.22268898739247822E10
1.51000000000000001E1	10	2.46965443043608657E10

var_c	harmindex	freq[15, ::]
1.61000000000000010E1	0	0.00000000000000000E0
1.61000000000000010E1	1	2.46843878636854708E9
1.61000000000000010E1	2	4.93687757273709416E9
1.61000000000000010E1	3	7.40531635910564212E9
1.61000000000000010E1	4	9.87375514547418831E9
1.61000000000000010E1	5	1.23421939318427332E10
1.61000000000000010E1	6	1.48106327182112851E10
1.61000000000000010E1	7	1.72790715045798327E10
1.61000000000000010E1	8	1.97475102909483757E10
1.61000000000000010E1	9	2.22159490773169255E10
1.61000000000000010E1	10	2.46843878636854663E10

var_c	harmindex	freq[16, ::]
1.71000000000000019E1	0	0.00000000000000000E0
1.71000000000000019E1	1	2.46736163557754429E9
1.71000000000000019E1	2	4.93472327115508858E9
1.71000000000000019E1	3	7.40208490673263242E9
1.71000000000000019E1	4	9.86944654231017715E9
1.71000000000000019E1	5	1.23368081778877192E10
1.71000000000000019E1	6	1.48041698134652644E10
1.71000000000000019E1	7	1.72715314490428140E10
1.71000000000000019E1	8	1.97388930846203547E10
1.71000000000000019E1	9	2.22062547201979044E10
1.71000000000000019E1	10	2.46736163557754384E10

var_c	harmindex	freq[17, ::]
1.81000000000000005E1	0	0.00000000000000000E0
1.81000000000000005E1	1	2.46640058749318003E9
1.81000000000000005E1	2	4.93280117498636006E9
1.81000000000000005E1	3	7.39920176247953965E9
1.81000000000000005E1	4	9.86560234997272012E9
1.81000000000000005E1	5	1.23320029374658979E10
1.81000000000000005E1	6	1.47984035249590784E10
1.81000000000000005E1	7	1.72648041124522633E10
1.81000000000000005E1	8	1.97312046999454394E10
1.81000000000000005E1	9	2.21976052874386109E10
1.81000000000000005E1	10	2.46640058749317959E10

var_c	harmindex	freq[18, ::]
1.91000000000000014E1	0	0.00000000000000000E0
1.91000000000000014E1	1	2.46553783115663316E9
1.91000000000000014E1	2	4.93107566231326633E9
1.91000000000000014E1	3	7.39661349346989816E9
1.91000000000000014E1	4	9.86215132462653266E9
1.91000000000000014E1	5	1.23276891557831658E10
1.91000000000000014E1	6	1.47932269869397959E10
1.91000000000000014E1	7	1.72587648180964348E10
1.91000000000000014E1	8	1.97243026492530649E10
1.91000000000000014E1	9	2.21898404804096927E10
1.91000000000000014E1	10	2.46553783115663316E10

var_c	harmindex	freq[19, ::]
2.01000000000000023E1	0	0.00000000000000000E0
2.01000000000000023E1	1	2.46475902136489822E9
2.01000000000000023E1	2	4.92951804272979643E9
2.01000000000000023E1	3	7.39427706409469643E9
2.01000000000000023E1	4	9.85903608545959287E9
2.01000000000000023E1	5	1.23237951068244911E10
2.01000000000000023E1	6	1.47885541281893929E10
2.01000000000000023E1	7	1.72533131495542813E10
2.01000000000000023E1	8	1.97180721709191853E10
2.01000000000000023E1	9	2.21828311922840760E10
2.01000000000000023E1	10	2.46475902136489822E10

var_c	harmindex	freq[20, ::]
2.11000000000000032E1	0	0.00000000000000000E0
2.11000000000000032E1	1	2.46405247481889900E9
2.11000000000000032E1	2	4.92810494963779799E9
2.11000000000000032E1	3	7.39215742445669832E9
2.11000000000000032E1	4	9.85620989927559599E9
2.11000000000000032E1	5	1.23202623740945016E10
2.11000000000000032E1	6	1.47843148489133958E10
2.11000000000000032E1	7	1.72483673237322965E10
2.11000000000000032E1	8	1.97124197985511929E10
2.11000000000000032E1	9	2.21764722733701003E10
2.11000000000000032E1	10	2.46405247481890033E10

var_c	harmindex	freq[21, ::]
2.20999999999999996E1	0	0.00000000000000000E0
2.20999999999999996E1	1	2.46340858008231667E9
2.20999999999999996E1	2	4.92681716016463334E9
2.20999999999999996E1	3	7.39022574024694912E9
2.20999999999999996E1	4	9.85363432032926667E9
2.20999999999999996E1	5	1.23170429004115833E10
2.20999999999999996E1	6	1.47804514804938991E10
2.20999999999999996E1	7	1.72438600605762171E10
2.20999999999999996E1	8	1.97072686406585329E10
2.20999999999999996E1	9	2.21706772207408509E10
2.20999999999999996E1	10	2.46340858008231667E10

var_c	harmindex	freq[22, ::]
2.21999999999999975E1	0	0.00000000000000000E0
2.21999999999999975E1	1	2.46334731719096744E9
2.21999999999999975E1	2	4.92669463438193489E9
2.21999999999999975E1	3	7.39004195157290411E9
2.21999999999999975E1	4	9.85338926876386978E9
2.21999999999999975E1	5	1.23167365859548417E10
2.21999999999999975E1	6	1.47800839031458087E10
2.21999999999999975E1	7	1.72434312203367734E10
2.21999999999999975E1	8	1.97067785375277404E10
2.21999999999999975E1	9	2.21701258547187097E10
2.21999999999999975E1	10	2.46334731719096833E10


