	HB.var_c
0	1.10000000000000009E0
1	2.10000000000000009E0
2	3.10000000000000009E0
3	4.09999999999999964E0
4	5.09999999999999964E0
5	6.09999999999999964E0
6	7.09999999999999964E0
7	8.09999999999999964E0
8	9.09999999999999964E0
9	1.01000000000000001E1
10	1.10999999999999988E1
11	1.20999999999999996E1
12	1.31000000000000005E1
13	1.40999999999999992E1
14	1.51000000000000001E1
15	1.61000000000000010E1
16	1.71000000000000019E1
17	1.81000000000000005E1
18	1.91000000000000014E1
19	2.01000000000000023E1
20	2.11000000000000032E1
21	2.20999999999999996E1
22	2.31000000000000005E1
23	2.41000000000000014E1
24	2.51000000000000023E1
25	2.61000000000000032E1
26	2.70999999999999996E1
27	2.81000000000000005E1
28	2.91000000000000014E1
29	3.01000000000000023E1
30	3.11000000000000032E1
31	3.20999999999999996E1
32	3.31000000000000005E1
33	3.41000000000000014E1
34	3.51000000000000023E1
35	3.61000000000000032E1
36	3.70999999999999996E1
37	3.81000000000000005E1
38	3.91000000000000014E1
39	4.00999999999999979E1
40	4.11000000000000032E1
41	4.20999999999999996E1
42	4.31000000000000050E1
43	4.41000000000000014E1
44	4.43999999999999950E1


var_c	harmindex	freq[0, ::]
1.10000000000000009E0	0	0.00000000000000000E0
1.10000000000000009E0	1	2.56732538926578568E9
1.10000000000000009E0	2	5.13465077853157137E9
1.10000000000000009E0	3	7.70197616779735927E9
1.10000000000000009E0	4	1.02693015570631418E10
1.10000000000000009E0	5	1.28366269463289284E10
1.10000000000000009E0	6	1.54039523355947194E10
1.10000000000000009E0	7	1.79712777248605060E10
1.10000000000000009E0	8	2.05386031141262837E10
1.10000000000000009E0	9	2.31059285033920769E10
1.10000000000000009E0	10	2.56732538926578568E10

var_c	harmindex	freq[1, ::]
2.10000000000000009E0	0	0.00000000000000000E0
2.10000000000000009E0	1	2.51676326683229856E9
2.10000000000000009E0	2	5.03352653366459712E9
2.10000000000000009E0	3	7.55028980049689569E9
2.10000000000000009E0	4	1.00670530673291947E10
2.10000000000000009E0	5	1.25838163341614928E10
2.10000000000000009E0	6	1.51005796009937909E10
2.10000000000000009E0	7	1.76173428678260890E10
2.10000000000000009E0	8	2.01341061346583894E10
2.10000000000000009E0	9	2.26508694014906808E10
2.10000000000000009E0	10	2.51676326683229856E10

var_c	harmindex	freq[2, ::]
3.10000000000000009E0	0	0.00000000000000000E0
3.10000000000000009E0	1	2.49656507151230844E9
3.10000000000000009E0	2	4.99313014302461688E9
3.10000000000000009E0	3	7.48969521453692533E9
3.10000000000000009E0	4	9.98626028604923377E9
3.10000000000000009E0	5	1.24828253575615422E10
3.10000000000000009E0	6	1.49793904290738511E10
3.10000000000000009E0	7	1.74759555005861711E10
3.10000000000000009E0	8	1.99725205720984667E10
3.10000000000000009E0	9	2.24690856436107822E10
3.10000000000000009E0	10	2.49656507151230844E10

var_c	harmindex	freq[3, ::]
4.09999999999999964E0	0	0.00000000000000000E0
4.09999999999999964E0	1	2.48569779194398155E9
4.09999999999999964E0	2	4.97139558388796310E9
4.09999999999999964E0	3	7.45709337583194376E9
4.09999999999999964E0	4	9.94279116777592620E9
4.09999999999999964E0	5	1.24284889597199077E10
4.09999999999999964E0	6	1.49141867516638871E10
4.09999999999999964E0	7	1.73998845436078642E10
4.09999999999999964E0	8	1.98855823355518524E10
4.09999999999999964E0	9	2.23712801274958384E10
4.09999999999999964E0	10	2.48569779194398155E10

var_c	harmindex	freq[4, ::]
5.09999999999999964E0	0	0.00000000000000000E0
5.09999999999999964E0	1	2.47890926494023001E9
5.09999999999999964E0	2	4.95781852988046001E9
5.09999999999999964E0	3	7.43672779482069046E9
5.09999999999999964E0	4	9.91563705976092002E9
5.09999999999999964E0	5	1.23945463247011500E10
5.09999999999999964E0	6	1.48734555896413800E10
5.09999999999999964E0	7	1.73523648545816167E10
5.09999999999999964E0	8	1.98312741195218400E10
5.09999999999999964E0	9	2.23101833844620678E10
5.09999999999999964E0	10	2.47890926494023001E10

var_c	harmindex	freq[5, ::]
6.09999999999999964E0	0	0.00000000000000000E0
6.09999999999999964E0	1	2.47426621227953447E9
6.09999999999999964E0	2	4.94853242455906894E9
6.09999999999999964E0	3	7.42279863683860430E9
6.09999999999999964E0	4	9.89706484911813789E9
6.09999999999999964E0	5	1.23713310613976724E10
6.09999999999999964E0	6	1.48455972736772090E10
6.09999999999999964E0	7	1.73198634859567369E10
6.09999999999999964E0	8	1.97941296982362758E10
6.09999999999999964E0	9	2.22683959105158058E10
6.09999999999999964E0	10	2.47426621227953447E10

var_c	harmindex	freq[6, ::]
7.09999999999999964E0	0	0.00000000000000000E0
7.09999999999999964E0	1	2.47089035731385120E9
7.09999999999999964E0	2	4.94178071462770241E9
7.09999999999999964E0	3	7.41267107194155450E9
7.09999999999999964E0	4	9.88356142925540482E9
7.09999999999999964E0	5	1.23544517865692560E10
7.09999999999999964E0	6	1.48253421438831090E10
7.09999999999999964E0	7	1.72962325011969620E10
7.09999999999999964E0	8	1.97671228585108105E10
7.09999999999999964E0	9	2.22380132158246679E10
7.09999999999999964E0	10	2.47089035731385120E10

var_c	harmindex	freq[7, ::]
8.09999999999999964E0	0	0.00000000000000000E0
8.09999999999999964E0	1	2.46832524926889096E9
8.09999999999999964E0	2	4.93665049853778193E9
8.09999999999999964E0	3	7.40497574780667112E9
8.09999999999999964E0	4	9.87330099707556386E9
8.09999999999999964E0	5	1.23416262463444548E10
8.09999999999999964E0	6	1.48099514956133427E10
8.09999999999999964E0	7	1.72782767448822350E10
8.09999999999999964E0	8	1.97466019941511273E10
8.09999999999999964E0	9	2.22149272434200107E10
8.09999999999999964E0	10	2.46832524926889096E10

var_c	harmindex	freq[8, ::]
9.09999999999999964E0	0	0.00000000000000000E0
9.09999999999999964E0	1	2.46631014925792913E9
9.09999999999999964E0	2	4.93262029851585826E9
9.09999999999999964E0	3	7.39893044777378783E9
9.09999999999999964E0	4	9.86524059703171652E9
9.09999999999999964E0	5	1.23315507462896456E10
9.09999999999999964E0	6	1.47978608955475766E10
9.09999999999999964E0	7	1.72641710448055008E10
9.09999999999999964E0	8	1.97304811940634339E10
9.09999999999999964E0	9	2.21967913433213582E10
9.09999999999999964E0	10	2.46631014925792913E10

var_c	harmindex	freq[9, ::]
1.01000000000000001E1	0	0.00000000000000000E0
1.01000000000000001E1	1	2.46468529116897717E9
1.01000000000000001E1	2	4.92937058233795433E9
1.01000000000000001E1	3	7.39405587350693416E9
1.01000000000000001E1	4	9.85874116467590866E9
1.01000000000000001E1	5	1.23234264558448858E10
1.01000000000000001E1	6	1.47881117470138679E10
1.01000000000000001E1	7	1.72527970381828455E10
1.01000000000000001E1	8	1.97174823293518164E10
1.01000000000000001E1	9	2.21821676205208007E10
1.01000000000000001E1	10	2.46468529116897717E10

var_c	harmindex	freq[10, ::]
1.10999999999999988E1	0	0.00000000000000000E0
1.10999999999999988E1	1	2.46334731845071264E9
1.10999999999999988E1	2	4.92669463690142528E9
1.10999999999999988E1	3	7.39004195535213704E9
1.10999999999999988E1	4	9.85338927380285057E9
1.10999999999999988E1	5	1.23167365922535632E10
1.10999999999999988E1	6	1.47800839107042736E10
1.10999999999999988E1	7	1.72434312291549929E10
1.10999999999999988E1	8	1.97067785476057011E10
1.10999999999999988E1	9	2.21701258660564182E10
1.10999999999999988E1	10	2.46334731845071264E10

var_c	harmindex	freq[11, ::]
1.20999999999999996E1	0	0.00000000000000000E0
1.20999999999999996E1	1	2.46222642101224753E9
1.20999999999999996E1	2	4.92445284202449507E9
1.20999999999999996E1	3	7.38667926303673994E9
1.20999999999999996E1	4	9.84890568404899014E9
1.20999999999999996E1	5	1.23111321050612377E10
1.20999999999999996E1	6	1.47733585260734790E10
1.20999999999999996E1	7	1.72355849470857292E10
1.20999999999999996E1	8	1.96978113680979794E10
1.20999999999999996E1	9	2.21600377891102207E10
1.20999999999999996E1	10	2.46222642101224753E10

var_c	harmindex	freq[12, ::]
1.31000000000000005E1	0	0.00000000000000000E0
1.31000000000000005E1	1	2.46127373538832250E9
1.31000000000000005E1	2	4.92254747077664501E9
1.31000000000000005E1	3	7.38382120616496884E9
1.31000000000000005E1	4	9.84509494155329001E9
1.31000000000000005E1	5	1.23063686769416147E10
1.31000000000000005E1	6	1.47676424123299377E10
1.31000000000000005E1	7	1.72289161477182584E10
1.31000000000000005E1	8	1.96901898831065791E10
1.31000000000000005E1	9	2.21514636184948976E10
1.31000000000000005E1	10	2.46127373538832295E10

var_c	harmindex	freq[13, ::]
1.40999999999999992E1	0	0.00000000000000000E0
1.40999999999999992E1	1	2.46045403764686998E9
1.40999999999999992E1	2	4.92090807529373997E9
1.40999999999999992E1	3	7.38136211294060907E9
1.40999999999999992E1	4	9.84181615058747994E9
1.40999999999999992E1	5	1.23022701882343499E10
1.40999999999999992E1	6	1.47627242258812186E10
1.40999999999999992E1	7	1.72231782635280917E10
1.40999999999999992E1	8	1.96836323011749603E10
1.40999999999999992E1	9	2.21440863388218290E10
1.40999999999999992E1	10	2.46045403764686998E10

var_c	harmindex	freq[14, ::]
1.51000000000000001E1	0	0.00000000000000000E0
1.51000000000000001E1	1	2.45974130327084728E9
1.51000000000000001E1	2	4.91948260654169456E9
1.51000000000000001E1	3	7.37922390981254051E9
1.51000000000000001E1	4	9.83896521308338912E9
1.51000000000000001E1	5	1.22987065163542364E10
1.51000000000000001E1	6	1.47584478196250801E10
1.51000000000000001E1	7	1.72181891228959261E10
1.51000000000000001E1	8	1.96779304261667787E10
1.51000000000000001E1	9	2.21376717294376224E10
1.51000000000000001E1	10	2.45974130327084728E10

var_c	harmindex	freq[15, ::]
1.61000000000000010E1	0	0.00000000000000000E0
1.61000000000000010E1	1	2.45911587569882917E9
1.61000000000000010E1	2	4.91823175139765834E9
1.61000000000000010E1	3	7.37734762709648884E9
1.61000000000000010E1	4	9.83646350279531667E9
1.61000000000000010E1	5	1.22955793784941458E10
1.61000000000000010E1	6	1.47546952541929777E10
1.61000000000000010E1	7	1.72138111298918051E10
1.61000000000000010E1	8	1.96729270055906325E10
1.61000000000000010E1	9	2.21320428812894621E10
1.61000000000000010E1	10	2.45911587569882917E10

var_c	harmindex	freq[16, ::]
1.71000000000000019E1	0	0.00000000000000000E0
1.71000000000000019E1	1	2.45856263895109528E9
1.71000000000000019E1	2	4.91712527790219056E9
1.71000000000000019E1	3	7.37568791685328584E9
1.71000000000000019E1	4	9.83425055580438112E9
1.71000000000000019E1	5	1.22928131947554786E10
1.71000000000000019E1	6	1.47513758337065726E10
1.71000000000000019E1	7	1.72099384726576621E10
1.71000000000000019E1	8	1.96685011116087627E10
1.71000000000000019E1	9	2.21270637505598611E10
1.71000000000000019E1	10	2.45856263895109572E10

var_c	harmindex	freq[17, ::]
1.81000000000000005E1	0	0.00000000000000000E0
1.81000000000000005E1	1	2.45806977609491550E9
1.81000000000000005E1	2	4.91613955218983101E9
1.81000000000000005E1	3	7.37420932828474651E9
1.81000000000000005E1	4	9.83227910437966202E9
1.81000000000000005E1	5	1.22903488804745775E10
1.81000000000000005E1	6	1.47484186565694930E10
1.81000000000000005E1	7	1.72064884326644085E10
1.81000000000000005E1	8	1.96645582087593240E10
1.81000000000000005E1	9	2.21226279848542351E10
1.81000000000000005E1	10	2.45806977609491550E10

var_c	harmindex	freq[18, ::]
1.91000000000000014E1	0	0.00000000000000000E0
1.91000000000000014E1	1	2.45762791581022233E9
1.91000000000000014E1	2	4.91525583162044466E9
1.91000000000000014E1	3	7.37288374743066566E9
1.91000000000000014E1	4	9.83051166324088932E9
1.91000000000000014E1	5	1.22881395790511094E10
1.91000000000000014E1	6	1.47457674948613304E10
1.91000000000000014E1	7	1.72033954106715581E10
1.91000000000000014E1	8	1.96610233264817791E10
1.91000000000000014E1	9	2.21186512422919890E10
1.91000000000000014E1	10	2.45762791581022189E10

var_c	harmindex	freq[19, ::]
2.01000000000000023E1	0	0.00000000000000000E0
2.01000000000000023E1	1	2.45722953084779805E9
2.01000000000000023E1	2	4.91445906169559610E9
2.01000000000000023E1	3	7.37168859254339459E9
2.01000000000000023E1	4	9.82891812339119220E9
2.01000000000000023E1	5	1.22861476542389902E10
2.01000000000000023E1	6	1.47433771850867901E10
2.01000000000000023E1	7	1.72006067159345899E10
2.01000000000000023E1	8	1.96578362467823853E10
2.01000000000000023E1	9	2.21150657776301873E10
2.01000000000000023E1	10	2.45722953084779805E10

var_c	harmindex	freq[20, ::]
2.11000000000000032E1	0	0.00000000000000000E0
2.11000000000000032E1	1	2.45686850571150606E9
2.11000000000000032E1	2	4.91373701142301211E9
2.11000000000000032E1	3	7.37060551713451684E9
2.11000000000000032E1	4	9.82747402284602423E9
2.11000000000000032E1	5	1.22843425285575303E10
2.11000000000000032E1	6	1.47412110342690328E10
2.11000000000000032E1	7	1.71980795399805397E10
2.11000000000000032E1	8	1.96549480456920489E10
2.11000000000000032E1	9	2.21118165514035514E10
2.11000000000000032E1	10	2.45686850571150606E10

var_c	harmindex	freq[21, ::]
2.20999999999999996E1	0	0.00000000000000000E0
2.20999999999999996E1	1	2.45653982051316389E9
2.20999999999999996E1	2	4.91307964102632777E9
2.20999999999999996E1	3	7.36961946153949476E9
2.20999999999999996E1	4	9.82615928205265554E9
2.20999999999999996E1	5	1.22826991025658194E10
2.20999999999999996E1	6	1.47392389230789900E10
2.20999999999999996E1	7	1.71957787435921494E10
2.20999999999999996E1	8	1.96523185641053111E10
2.20999999999999996E1	9	2.21088583846184772E10
2.20999999999999996E1	10	2.45653982051316389E10

var_c	harmindex	freq[22, ::]
2.31000000000000005E1	0	0.00000000000000000E0
2.31000000000000005E1	1	2.45623931614088331E9
2.31000000000000005E1	2	4.91247863228176662E9
2.31000000000000005E1	3	7.36871794842265082E9
2.31000000000000005E1	4	9.82495726456353324E9
2.31000000000000005E1	5	1.22811965807044166E10
2.31000000000000005E1	6	1.47374358968453012E10
2.31000000000000005E1	7	1.71936752129861925E10
2.31000000000000005E1	8	1.96499145291270660E10
2.31000000000000005E1	9	2.21061538452679596E10
2.31000000000000005E1	10	2.45623931614088331E10

var_c	harmindex	freq[23, ::]
2.41000000000000014E1	0	0.00000000000000000E0
2.41000000000000014E1	1	2.45596351734442342E9
2.41000000000000014E1	2	4.91192703468884684E9
2.41000000000000014E1	3	7.36789055203327159E9
2.41000000000000014E1	4	9.82385406937769368E9
2.41000000000000014E1	5	1.22798175867221171E10
2.41000000000000014E1	6	1.47357811040665432E10
2.41000000000000014E1	7	1.71917446214109715E10
2.41000000000000014E1	8	1.96477081387553865E10
2.41000000000000014E1	9	2.21036716560998103E10
2.41000000000000014E1	10	2.45596351734442342E10

var_c	harmindex	freq[24, ::]
2.51000000000000023E1	0	0.00000000000000000E0
2.51000000000000023E1	1	2.45570949850803766E9
2.51000000000000023E1	2	4.91141899701607532E9
2.51000000000000023E1	3	7.36712849552411342E9
2.51000000000000023E1	4	9.82283799403215063E9
2.51000000000000023E1	5	1.22785474925401883E10
2.51000000000000023E1	6	1.47342569910482268E10
2.51000000000000023E1	7	1.71899664895562587E10
2.51000000000000023E1	8	1.96456759880643017E10
2.51000000000000023E1	9	2.21013854865723314E10
2.51000000000000023E1	10	2.45570949850803766E10

var_c	harmindex	freq[25, ::]
2.61000000000000032E1	0	0.00000000000000000E0
2.61000000000000032E1	1	2.45547477613666398E9
2.61000000000000032E1	2	4.91094955227332797E9
2.61000000000000032E1	3	7.36642432840998929E9
2.61000000000000032E1	4	9.82189910454665593E9
2.61000000000000032E1	5	1.22773738806833199E10
2.61000000000000032E1	6	1.47328486568199790E10
2.61000000000000032E1	7	1.71883234329566403E10
2.61000000000000032E1	8	1.96437982090933128E10
2.61000000000000032E1	9	2.20992729852299652E10
2.61000000000000032E1	10	2.45547477613666398E10

var_c	harmindex	freq[26, ::]
2.70999999999999996E1	0	0.00000000000000000E0
2.70999999999999996E1	1	2.45525723271204299E9
2.70999999999999996E1	2	4.91051446542408598E9
2.70999999999999996E1	3	7.36577169813612898E9
2.70999999999999996E1	4	9.82102893084817197E9
2.70999999999999996E1	5	1.22762861635602150E10
2.70999999999999996E1	6	1.47315433962722575E10
2.70999999999999996E1	7	1.71868006289843045E10
2.70999999999999996E1	8	1.96420578616963448E10
2.70999999999999996E1	9	2.20973150944083807E10
2.70999999999999996E1	10	2.45525723271204299E10

var_c	harmindex	freq[27, ::]
2.81000000000000005E1	0	0.00000000000000000E0
2.81000000000000005E1	1	2.45505504886841486E9
2.81000000000000005E1	2	4.91011009773682972E9
2.81000000000000005E1	3	7.36516514660524457E9
2.81000000000000005E1	4	9.82022019547365943E9
2.81000000000000005E1	5	1.22752752443420743E10
2.81000000000000005E1	6	1.47303302932104896E10
2.81000000000000005E1	7	1.71853853420789027E10
2.81000000000000005E1	8	1.96404403909473180E10
2.81000000000000005E1	9	2.20954954398157355E10
2.81000000000000005E1	10	2.45505504886841486E10

var_c	harmindex	freq[28, ::]
2.91000000000000014E1	0	0.00000000000000000E0
2.91000000000000014E1	1	2.45486665339022236E9
2.91000000000000014E1	2	4.90973330678044473E9
2.91000000000000014E1	3	7.36459996017066665E9
2.91000000000000014E1	4	9.81946661356088946E9
2.91000000000000014E1	5	1.22743332669511118E10
2.91000000000000014E1	6	1.47291999203413337E10
2.91000000000000014E1	7	1.71840665737315557E10
2.91000000000000014E1	8	1.96389332271217798E10
2.91000000000000014E1	9	2.20937998805120062E10
2.91000000000000014E1	10	2.45486665339022236E10

var_c	harmindex	freq[29, ::]
3.01000000000000023E1	0	0.00000000000000000E0
3.01000000000000023E1	1	2.45469068229956511E9
3.01000000000000023E1	2	4.90938136459913022E9
3.01000000000000023E1	3	7.36407204689869843E9
3.01000000000000023E1	4	9.81876272919826043E9
3.01000000000000023E1	5	1.22734534114978255E10
3.01000000000000023E1	6	1.47281440937973973E10
3.01000000000000023E1	7	1.71828347760969602E10
3.01000000000000023E1	8	1.96375254583965209E10
3.01000000000000023E1	9	2.20922161406960882E10
3.01000000000000023E1	10	2.45469068229956511E10

var_c	harmindex	freq[30, ::]
3.11000000000000032E1	0	0.00000000000000000E0
3.11000000000000032E1	1	2.45452594577932981E9
3.11000000000000032E1	2	4.90905189155865962E9
3.11000000000000032E1	3	7.36357783733798676E9
3.11000000000000032E1	4	9.81810378311731924E9
3.11000000000000032E1	5	1.22726297288966490E10
3.11000000000000032E1	6	1.47271556746759735E10
3.11000000000000032E1	7	1.71816816204553047E10
3.11000000000000032E1	8	1.96362075662346380E10
3.11000000000000032E1	9	2.20907335120139647E10
3.11000000000000032E1	10	2.45452594577932981E10

var_c	harmindex	freq[31, ::]
3.20999999999999996E1	0	0.00000000000000000E0
3.20999999999999996E1	1	2.45437140123582243E9
3.20999999999999996E1	2	4.90874280247164485E9
3.20999999999999996E1	3	7.36311420370746639E9
3.20999999999999996E1	4	9.81748560494328970E9
3.20999999999999996E1	5	1.22718570061791121E10
3.20999999999999996E1	6	1.47262284074149319E10
3.20999999999999996E1	7	1.71805998086507539E10
3.20999999999999996E1	8	1.96349712098865803E10
3.20999999999999996E1	9	2.20893426111224001E10
3.20999999999999996E1	10	2.45437140123582243E10

var_c	harmindex	freq[32, ::]
3.31000000000000005E1	0	0.00000000000000000E0
3.31000000000000005E1	1	2.45422613121094368E9
3.31000000000000005E1	2	4.90845226242188737E9
3.31000000000000005E1	3	7.36267839363283372E9
3.31000000000000005E1	4	9.81690452484377474E9
3.31000000000000005E1	5	1.22711306560547184E10
3.31000000000000005E1	6	1.47253567872656665E10
3.31000000000000005E1	7	1.71795829184766125E10
3.31000000000000005E1	8	1.96338090496875495E10
3.31000000000000005E1	9	2.20880351808984932E10
3.31000000000000005E1	10	2.45422613121094368E10

var_c	harmindex	freq[33, ::]
3.41000000000000014E1	0	0.00000000000000000E0
3.41000000000000014E1	1	2.45408932515510303E9
3.41000000000000014E1	2	4.90817865031020606E9
3.41000000000000014E1	3	7.36226797546530776E9
3.41000000000000014E1	4	9.81635730062041212E9
3.41000000000000014E1	5	1.22704466257755151E10
3.41000000000000014E1	6	1.47245359509306151E10
3.41000000000000014E1	7	1.71786252760857172E10
3.41000000000000014E1	8	1.96327146012408238E10
3.41000000000000014E1	9	2.20868039263959215E10
3.41000000000000014E1	10	2.45408932515510303E10

var_c	harmindex	freq[34, ::]
3.51000000000000023E1	0	0.00000000000000000E0
3.51000000000000023E1	1	2.45396026429592462E9
3.51000000000000023E1	2	4.90792052859184924E9
3.51000000000000023E1	3	7.36188079288777164E9
3.51000000000000023E1	4	9.81584105718369848E9
3.51000000000000023E1	5	1.22698013214796231E10
3.51000000000000023E1	6	1.47237615857755433E10
3.51000000000000023E1	7	1.71777218500714701E10
3.51000000000000023E1	8	1.96316821143673970E10
3.51000000000000023E1	9	2.20856423786633149E10
3.51000000000000023E1	10	2.45396026429592462E10

var_c	harmindex	freq[35, ::]
3.61000000000000032E1	0	0.00000000000000000E0
3.61000000000000032E1	1	2.45383830900609556E9
3.61000000000000032E1	2	4.90767661801219113E9
3.61000000000000032E1	3	7.36151492701828580E9
3.61000000000000032E1	4	9.81535323602438226E9
3.61000000000000032E1	5	1.22691915450304778E10
3.61000000000000032E1	6	1.47230298540365712E10
3.61000000000000032E1	7	1.71768681630426667E10
3.61000000000000032E1	8	1.96307064720487645E10
3.61000000000000032E1	9	2.20845447810548645E10
3.61000000000000032E1	10	2.45383830900609556E10

var_c	harmindex	freq[36, ::]
3.70999999999999996E1	0	0.00000000000000000E0
3.70999999999999996E1	1	2.45372288820172235E9
3.70999999999999996E1	2	4.90744577640344470E9
3.70999999999999996E1	3	7.36116866460516839E9
3.70999999999999996E1	4	9.81489155280688941E9
3.70999999999999996E1	5	1.22686144410086118E10
3.70999999999999996E1	6	1.47223373292103377E10
3.70999999999999996E1	7	1.71760602174120569E10
3.70999999999999996E1	8	1.96297831056137784E10
3.70999999999999996E1	9	2.20835059938154998E10
3.70999999999999996E1	10	2.45372288820172235E10

var_c	harmindex	freq[37, ::]
3.81000000000000005E1	0	0.00000000000000000E0
3.81000000000000005E1	1	2.45361349040043342E9
3.81000000000000005E1	2	4.90722698080086683E9
3.81000000000000005E1	3	7.36084047120130247E9
3.81000000000000005E1	4	9.81445396160173367E9
3.81000000000000005E1	5	1.22680674520021671E10
3.81000000000000005E1	6	1.47216809424026041E10
3.81000000000000005E1	7	1.71752944328030388E10
3.81000000000000005E1	8	1.96289079232034669E10
3.81000000000000005E1	9	2.20825214136039083E10
3.81000000000000005E1	10	2.45361349040043342E10

var_c	harmindex	freq[38, ::]
3.91000000000000014E1	0	0.00000000000000000E0
3.91000000000000014E1	1	2.45350965614361183E9
3.91000000000000014E1	2	4.90701931228722366E9
3.91000000000000014E1	3	7.36052896843083726E9
3.91000000000000014E1	4	9.81403862457444731E9
3.91000000000000014E1	5	1.22675482807180636E10
3.91000000000000014E1	6	1.47210579368616745E10
3.91000000000000014E1	7	1.71745675930052855E10
3.91000000000000014E1	8	1.96280772491488942E10
3.91000000000000014E1	9	2.20815869052925029E10
3.91000000000000014E1	10	2.45350965614361272E10

var_c	harmindex	freq[39, ::]
4.00999999999999979E1	0	0.00000000000000000E0
4.00999999999999979E1	1	2.45341097154617893E9
4.00999999999999979E1	2	4.90682194309235786E9
4.00999999999999979E1	3	7.36023291463853546E9
4.00999999999999979E1	4	9.81364388618471573E9
4.00999999999999979E1	5	1.22670548577308947E10
4.00999999999999979E1	6	1.47204658292770718E10
4.00999999999999979E1	7	1.71738768008232512E10
4.00999999999999979E1	8	1.96272877723694306E10
4.00999999999999979E1	9	2.20806987439156055E10
4.00999999999999979E1	10	2.45341097154617893E10

var_c	harmindex	freq[40, ::]
4.11000000000000032E1	0	0.00000000000000000E0
4.11000000000000032E1	1	2.45331706278277384E9
4.11000000000000032E1	2	4.90663412556554768E9
4.11000000000000032E1	3	7.35995118834831885E9
4.11000000000000032E1	4	9.81326825113109535E9
4.11000000000000032E1	5	1.22665853139138625E10
4.11000000000000032E1	6	1.47199023766966386E10
4.11000000000000032E1	7	1.71732194394794146E10
4.11000000000000032E1	8	1.96265365022621907E10
4.11000000000000032E1	9	2.20798535650449645E10
4.11000000000000032E1	10	2.45331706278277251E10

var_c	harmindex	freq[41, ::]
4.20999999999999996E1	0	0.00000000000000000E0
4.20999999999999996E1	1	2.45322759135557700E9
4.20999999999999996E1	2	4.90645518271115400E9
4.20999999999999996E1	3	7.35968277406673099E9
4.20999999999999996E1	4	9.81291036542230799E9
4.20999999999999996E1	5	1.22661379567778850E10
4.20999999999999996E1	6	1.47193655481334629E10
4.20999999999999996E1	7	1.71725931394890341E10
4.20999999999999996E1	8	1.96258207308446164E10
4.20999999999999996E1	9	2.20790483222001921E10
4.20999999999999996E1	10	2.45322759135557700E10

var_c	harmindex	freq[42, ::]
4.31000000000000050E1	0	0.00000000000000000E0
4.31000000000000050E1	1	2.45314225001744379E9
4.31000000000000050E1	2	4.90628450003488759E9
4.31000000000000050E1	3	7.35942675005233315E9
4.31000000000000050E1	4	9.81256900006977517E9
4.31000000000000050E1	5	1.22657112500872190E10
4.31000000000000050E1	6	1.47188535001046672E10
4.31000000000000050E1	7	1.71719957501221154E10
4.31000000000000050E1	8	1.96251380001395503E10
4.31000000000000050E1	9	2.20782802501569986E10
4.31000000000000050E1	10	2.45314225001744379E10

var_c	harmindex	freq[43, ::]
4.41000000000000014E1	0	0.00000000000000000E0
4.41000000000000014E1	1	2.45306075924687494E9
4.41000000000000014E1	2	4.90612151849374989E9
4.41000000000000014E1	3	7.35918227774062395E9
4.41000000000000014E1	4	9.81224303698749978E9
4.41000000000000014E1	5	1.22653037962343747E10
4.41000000000000014E1	6	1.47183645554812470E10
4.41000000000000014E1	7	1.71714253147281193E10
4.41000000000000014E1	8	1.96244860739750004E10
4.41000000000000014E1	9	2.20775468332218772E10
4.41000000000000014E1	10	2.45306075924687494E10

var_c	harmindex	freq[44, ::]
4.43999999999999950E1	0	0.00000000000000000E0
4.43999999999999950E1	1	2.45303702414806546E9
4.43999999999999950E1	2	4.90607404829613092E9
4.43999999999999950E1	3	7.35911107244419593E9
4.43999999999999950E1	4	9.81214809659226184E9
4.43999999999999950E1	5	1.22651851207403273E10
4.43999999999999950E1	6	1.47182221448883910E10
4.43999999999999950E1	7	1.71712591690364569E10
4.43999999999999950E1	8	1.96242961931845228E10
4.43999999999999950E1	9	2.20773332173325887E10
4.43999999999999950E1	10	2.45303702414806546E10


