	HB.var_c
0	1.10000000000000009E0
1	2.10000000000000009E0
2	3.10000000000000009E0
3	4.09999999999999964E0
4	5.09999999999999964E0
5	6.09999999999999964E0
6	7.09999999999999964E0
7	8.09999999999999964E0
8	9.09999999999999964E0
9	1.01000000000000001E1
10	1.10999999999999988E1
11	1.20999999999999996E1
12	1.31000000000000005E1
13	1.40999999999999992E1
14	1.51000000000000001E1
15	1.61000000000000010E1
16	1.71000000000000019E1
17	1.81000000000000005E1
18	1.91000000000000014E1
19	2.01000000000000023E1
20	2.11000000000000032E1
21	2.20999999999999996E1
22	2.31000000000000005E1
23	2.41000000000000014E1
24	2.51000000000000023E1
25	2.61000000000000032E1
26	2.70999999999999996E1
27	2.81000000000000005E1
28	2.91000000000000014E1
29	3.01000000000000023E1
30	3.11000000000000032E1
31	3.20999999999999996E1
32	3.31000000000000005E1
33	3.41000000000000014E1
34	3.51000000000000023E1
35	3.61000000000000032E1
36	3.70999999999999996E1
37	3.81000000000000005E1
38	3.91000000000000014E1
39	4.00999999999999979E1
40	4.11000000000000032E1
41	4.20999999999999996E1
42	4.31000000000000050E1
43	4.41000000000000014E1
44	4.43999999999999950E1


var_c	harmindex	freq[0, ::]
1.10000000000000009E0	0	0.00000000000000000E0
1.10000000000000009E0	1	2.65031026598366770E9
1.10000000000000009E0	2	5.30062053196733540E9
1.10000000000000009E0	3	7.95093079795100266E9
1.10000000000000009E0	4	1.06012410639346699E10
1.10000000000000009E0	5	1.32515513299183385E10
1.10000000000000009E0	6	1.59018615959020049E10
1.10000000000000009E0	7	1.85521718618856757E10
1.10000000000000009E0	8	2.12024821278693398E10
1.10000000000000009E0	9	2.38527923938530106E10
1.10000000000000009E0	10	2.65031026598366770E10

var_c	harmindex	freq[1, ::]
2.10000000000000009E0	0	0.00000000000000000E0
2.10000000000000009E0	1	2.57192547577674091E9
2.10000000000000009E0	2	5.14385095155348182E9
2.10000000000000009E0	3	7.71577642733022362E9
2.10000000000000009E0	4	1.02877019031069628E10
2.10000000000000009E0	5	1.28596273788837046E10
2.10000000000000009E0	6	1.54315528546604464E10
2.10000000000000009E0	7	1.80034783304371926E10
2.10000000000000009E0	8	2.05754038062139255E10
2.10000000000000009E0	9	2.31473292819906717E10
2.10000000000000009E0	10	2.57192547577674091E10

var_c	harmindex	freq[2, ::]
3.10000000000000009E0	0	0.00000000000000000E0
3.10000000000000009E0	1	2.53754547462593871E9
3.10000000000000009E0	2	5.07509094925187743E9
3.10000000000000009E0	3	7.61263642387781658E9
3.10000000000000009E0	4	1.01501818985037540E10
3.10000000000000009E0	5	1.26877273731296936E10
3.10000000000000009E0	6	1.52252728477556332E10
3.10000000000000009E0	7	1.77628183223815705E10
3.10000000000000009E0	8	2.03003637970075079E10
3.10000000000000009E0	9	2.28379092716334409E10
3.10000000000000009E0	10	2.53754547462593871E10

var_c	harmindex	freq[3, ::]
4.09999999999999964E0	0	0.00000000000000000E0
4.09999999999999964E0	1	2.51823827530546041E9
4.09999999999999964E0	2	5.03647655061092081E9
4.09999999999999964E0	3	7.55471482591638033E9
4.09999999999999964E0	4	1.00729531012218421E10
4.09999999999999964E0	5	1.25911913765273065E10
4.09999999999999964E0	6	1.51094296518327598E10
4.09999999999999964E0	7	1.76276679271382264E10
4.09999999999999964E0	8	2.01459062024436841E10
4.09999999999999964E0	9	2.26641444777491463E10
4.09999999999999964E0	10	2.51823827530546129E10

var_c	harmindex	freq[4, ::]
5.09999999999999964E0	0	0.00000000000000000E0
5.09999999999999964E0	1	2.50587563715395101E9
5.09999999999999964E0	2	5.01175127430790202E9
5.09999999999999964E0	3	7.51762691146185347E9
5.09999999999999964E0	4	1.00235025486158036E10
5.09999999999999964E0	5	1.25293781857697550E10
5.09999999999999964E0	6	1.50352538229237065E10
5.09999999999999964E0	7	1.75411294600776624E10
5.09999999999999964E0	8	2.00470050972316072E10
5.09999999999999964E0	9	2.25528807343855586E10
5.09999999999999964E0	10	2.50587563715395101E10

var_c	harmindex	freq[5, ::]
6.09999999999999964E0	0	0.00000000000000000E0
6.09999999999999964E0	1	2.49728245228236867E9
6.09999999999999964E0	2	4.99456490456473734E9
6.09999999999999964E0	3	7.49184735684710468E9
6.09999999999999964E0	4	9.98912980912947468E9
6.09999999999999964E0	5	1.24864122614118433E10
6.09999999999999964E0	6	1.49836947136942089E10
6.09999999999999964E0	7	1.74809771659765767E10
6.09999999999999964E0	8	1.99782596182589489E10
6.09999999999999964E0	9	2.24755420705413167E10
6.09999999999999964E0	10	2.49728245228236867E10

var_c	harmindex	freq[6, ::]
7.09999999999999964E0	0	0.00000000000000000E0
7.09999999999999964E0	1	2.49096303108211492E9
7.09999999999999964E0	2	4.98192606216422984E9
7.09999999999999964E0	3	7.47288909324634609E9
7.09999999999999964E0	4	9.96385212432845968E9
7.09999999999999964E0	5	1.24548151554105768E10
7.09999999999999964E0	6	1.49457781864926931E10
7.09999999999999964E0	7	1.74367412175748049E10
7.09999999999999964E0	8	1.99277042486569189E10
7.09999999999999964E0	9	2.24186672797390329E10
7.09999999999999964E0	10	2.49096303108211536E10

var_c	harmindex	freq[7, ::]
8.09999999999999964E0	0	0.00000000000000000E0
8.09999999999999964E0	1	2.48612048800244434E9
8.09999999999999964E0	2	4.97224097600488868E9
8.09999999999999964E0	3	7.45836146400733213E9
8.09999999999999964E0	4	9.94448195200977736E9
8.09999999999999964E0	5	1.24306024400122217E10
8.09999999999999964E0	6	1.49167229280146652E10
8.09999999999999964E0	7	1.74028434160171130E10
8.09999999999999964E0	8	1.98889639040195543E10
8.09999999999999964E0	9	2.23750843920219999E10
8.09999999999999964E0	10	2.48612048800244434E10

var_c	harmindex	freq[8, ::]
9.09999999999999964E0	0	0.00000000000000000E0
9.09999999999999964E0	1	2.48229132461971380E9
9.09999999999999964E0	2	4.96458264923942760E9
9.09999999999999964E0	3	7.44687397385914096E9
9.09999999999999964E0	4	9.92916529847885521E9
9.09999999999999964E0	5	1.24114566230985690E10
9.09999999999999964E0	6	1.48937479477182810E10
9.09999999999999964E0	7	1.73760392723379975E10
9.09999999999999964E0	8	1.98583305969577095E10
9.09999999999999964E0	9	2.23406219215774282E10
9.09999999999999964E0	10	2.48229132461971380E10

var_c	harmindex	freq[9, ::]
1.01000000000000001E1	0	0.00000000000000000E0
1.01000000000000001E1	1	2.47918759966015845E9
1.01000000000000001E1	2	4.95837519932031690E9
1.01000000000000001E1	3	7.43756279898047534E9
1.01000000000000001E1	4	9.91675039864063379E9
1.01000000000000001E1	5	1.23959379983007922E10
1.01000000000000001E1	6	1.48751255979609498E10
1.01000000000000001E1	7	1.73543131976211029E10
1.01000000000000001E1	8	1.98335007972812671E10
1.01000000000000001E1	9	2.23126883969414225E10
1.01000000000000001E1	10	2.47918759966015845E10

var_c	harmindex	freq[10, ::]
1.10999999999999988E1	0	0.00000000000000000E0
1.10999999999999988E1	1	2.47662100421189768E9
1.10999999999999988E1	2	4.95324200842379536E9
1.10999999999999988E1	3	7.42986301263569260E9
1.10999999999999988E1	4	9.90648401684759072E9
1.10999999999999988E1	5	1.23831050210594884E10
1.10999999999999988E1	6	1.48597260252713848E10
1.10999999999999988E1	7	1.73363470294832878E10
1.10999999999999988E1	8	1.98129680336951819E10
1.10999999999999988E1	9	2.22895890379070849E10
1.10999999999999988E1	10	2.47662100421189768E10

var_c	harmindex	freq[11, ::]
1.20999999999999996E1	0	0.00000000000000000E0
1.20999999999999996E1	1	2.47446322618663173E9
1.20999999999999996E1	2	4.94892645237326345E9
1.20999999999999996E1	3	7.42338967855989740E9
1.20999999999999996E1	4	9.89785290474652690E9
1.20999999999999996E1	5	1.23723161309331564E10
1.20999999999999996E1	6	1.48467793571197948E10
1.20999999999999996E1	7	1.73212425833064243E10
1.20999999999999996E1	8	1.97957058094930538E10
1.20999999999999996E1	9	2.22701690356796833E10
1.20999999999999996E1	10	2.47446322618663128E10

var_c	harmindex	freq[12, ::]
1.31000000000000005E1	0	0.00000000000000000E0
1.31000000000000005E1	1	2.47262379945303268E9
1.31000000000000005E1	2	4.94524759890606536E9
1.31000000000000005E1	3	7.41787139835909937E9
1.31000000000000005E1	4	9.89049519781213071E9
1.31000000000000005E1	5	1.23631189972651634E10
1.31000000000000005E1	6	1.48357427967181987E10
1.31000000000000005E1	7	1.73083665961712319E10
1.31000000000000005E1	8	1.97809903956242605E10
1.31000000000000005E1	9	2.22536141950772937E10
1.31000000000000005E1	10	2.47262379945303268E10

var_c	harmindex	freq[13, ::]
1.40999999999999992E1	0	0.00000000000000000E0
1.40999999999999992E1	1	2.47103711086391309E9
1.40999999999999992E1	2	4.94207422172782618E9
1.40999999999999992E1	3	7.41311133259173705E9
1.40999999999999992E1	4	9.88414844345565236E9
1.40999999999999992E1	5	1.23551855543195654E10
1.40999999999999992E1	6	1.48262226651834750E10
1.40999999999999992E1	7	1.72972597760473912E10
1.40999999999999992E1	8	1.97682968869113052E10
1.40999999999999992E1	9	2.22393339977752102E10
1.40999999999999992E1	10	2.47103711086391309E10

var_c	harmindex	freq[14, ::]
1.51000000000000001E1	0	0.00000000000000000E0
1.51000000000000001E1	1	2.46965443043607724E9
1.51000000000000001E1	2	4.93930886087215448E9
1.51000000000000001E1	3	7.40896329130823439E9
1.51000000000000001E1	4	9.87861772174430897E9
1.51000000000000001E1	5	1.23482721521803862E10
1.51000000000000001E1	6	1.48179265826164697E10
1.51000000000000001E1	7	1.72875810130525420E10
1.51000000000000001E1	8	1.97572354434886188E10
1.51000000000000001E1	9	2.22268898739246978E10
1.51000000000000001E1	10	2.46965443043607724E10

var_c	harmindex	freq[15, ::]
1.61000000000000010E1	0	0.00000000000000000E0
1.61000000000000010E1	1	2.46843878636854663E9
1.61000000000000010E1	2	4.93687757273709327E9
1.61000000000000010E1	3	7.40531635910564034E9
1.61000000000000010E1	4	9.87375514547418653E9
1.61000000000000010E1	5	1.23421939318427332E10
1.61000000000000010E1	6	1.48106327182112807E10
1.61000000000000010E1	7	1.72790715045798260E10
1.61000000000000010E1	8	1.97475102909483735E10
1.61000000000000010E1	9	2.22159490773169166E10
1.61000000000000010E1	10	2.46843878636854663E10

var_c	harmindex	freq[16, ::]
1.71000000000000019E1	0	0.00000000000000000E0
1.71000000000000019E1	1	2.46736163557754873E9
1.71000000000000019E1	2	4.93472327115509746E9
1.71000000000000019E1	3	7.40208490673264485E9
1.71000000000000019E1	4	9.86944654231019491E9
1.71000000000000019E1	5	1.23368081778877459E10
1.71000000000000019E1	6	1.48041698134652888E10
1.71000000000000019E1	7	1.72715314490428362E10
1.71000000000000019E1	8	1.97388930846203903E10
1.71000000000000019E1	9	2.22062547201979399E10
1.71000000000000019E1	10	2.46736163557754917E10

var_c	harmindex	freq[17, ::]
1.81000000000000005E1	0	0.00000000000000000E0
1.81000000000000005E1	1	2.46640058749317825E9
1.81000000000000005E1	2	4.93280117498635651E9
1.81000000000000005E1	3	7.39920176247953076E9
1.81000000000000005E1	4	9.86560234997271301E9
1.81000000000000005E1	5	1.23320029374658913E10
1.81000000000000005E1	6	1.47984035249590606E10
1.81000000000000005E1	7	1.72648041124522456E10
1.81000000000000005E1	8	1.97312046999454260E10
1.81000000000000005E1	9	2.21976052874385976E10
1.81000000000000005E1	10	2.46640058749317825E10

var_c	harmindex	freq[18, ::]
1.91000000000000014E1	0	0.00000000000000000E0
1.91000000000000014E1	1	2.46553783115664205E9
1.91000000000000014E1	2	4.93107566231328409E9
1.91000000000000014E1	3	7.39661349346992392E9
1.91000000000000014E1	4	9.86215132462656818E9
1.91000000000000014E1	5	1.23276891557832102E10
1.91000000000000014E1	6	1.47932269869398469E10
1.91000000000000014E1	7	1.72587648180964903E10
1.91000000000000014E1	8	1.97243026492531359E10
1.91000000000000014E1	9	2.21898404804097771E10
1.91000000000000014E1	10	2.46553783115664205E10

var_c	harmindex	freq[19, ::]
2.01000000000000023E1	0	0.00000000000000000E0
2.01000000000000023E1	1	2.46475902136489466E9
2.01000000000000023E1	2	4.92951804272978933E9
2.01000000000000023E1	3	7.39427706409468311E9
2.01000000000000023E1	4	9.85903608545957866E9
2.01000000000000023E1	5	1.23237951068244733E10
2.01000000000000023E1	6	1.47885541281893662E10
2.01000000000000023E1	7	1.72533131495542591E10
2.01000000000000023E1	8	1.97180721709191564E10
2.01000000000000023E1	9	2.21828311922840449E10
2.01000000000000023E1	10	2.46475902136489466E10

var_c	harmindex	freq[20, ::]
2.11000000000000032E1	0	0.00000000000000000E0
2.11000000000000032E1	1	2.46405247481890299E9
2.11000000000000032E1	2	4.92810494963780599E9
2.11000000000000032E1	3	7.39215742445671076E9
2.11000000000000032E1	4	9.85620989927561197E9
2.11000000000000032E1	5	1.23202623740945194E10
2.11000000000000032E1	6	1.47843148489134224E10
2.11000000000000032E1	7	1.72483673237323210E10
2.11000000000000032E1	8	1.97124197985512239E10
2.11000000000000032E1	9	2.21764722733701269E10
2.11000000000000032E1	10	2.46405247481890388E10

var_c	harmindex	freq[21, ::]
2.20999999999999996E1	0	0.00000000000000000E0
2.20999999999999996E1	1	2.46340858008231667E9
2.20999999999999996E1	2	4.92681716016463334E9
2.20999999999999996E1	3	7.39022574024695267E9
2.20999999999999996E1	4	9.85363432032926667E9
2.20999999999999996E1	5	1.23170429004115833E10
2.20999999999999996E1	6	1.47804514804939058E10
2.20999999999999996E1	7	1.72438600605762171E10
2.20999999999999996E1	8	1.97072686406585329E10
2.20999999999999996E1	9	2.21706772207408509E10
2.20999999999999996E1	10	2.46340858008231667E10

var_c	harmindex	freq[22, ::]
2.31000000000000005E1	0	0.00000000000000000E0
2.31000000000000005E1	1	2.46281935782098227E9
2.31000000000000005E1	2	4.92563871564196454E9
2.31000000000000005E1	3	7.38845807346294947E9
2.31000000000000005E1	4	9.85127743128392908E9
2.31000000000000005E1	5	1.23140967891049113E10
2.31000000000000005E1	6	1.47769161469258981E10
2.31000000000000005E1	7	1.72397355047468781E10
2.31000000000000005E1	8	1.97025548625678582E10
2.31000000000000005E1	9	2.21653742203888360E10
2.31000000000000005E1	10	2.46281935782098227E10

var_c	harmindex	freq[23, ::]
2.41000000000000014E1	0	0.00000000000000000E0
2.41000000000000014E1	1	2.46227812848752592E9
2.41000000000000014E1	2	4.92455625697505184E9
2.41000000000000014E1	3	7.38683438546257776E9
2.41000000000000014E1	4	9.84911251395010368E9
2.41000000000000014E1	5	1.23113906424376296E10
2.41000000000000014E1	6	1.47736687709251546E10
2.41000000000000014E1	7	1.72359468994126841E10
2.41000000000000014E1	8	1.96982250279002069E10
2.41000000000000014E1	9	2.21605031563877386E10
2.41000000000000014E1	10	2.46227812848752592E10

var_c	harmindex	freq[24, ::]
2.51000000000000023E1	0	0.00000000000000000E0
2.51000000000000023E1	1	2.46177925952738352E9
2.51000000000000023E1	2	4.92355851905476705E9
2.51000000000000023E1	3	7.38533777858214791E9
2.51000000000000023E1	4	9.84711703810953409E9
2.51000000000000023E1	5	1.23088962976369176E10
2.51000000000000023E1	6	1.47706755571642967E10
2.51000000000000023E1	7	1.72324548166916758E10
2.51000000000000023E1	8	1.96942340762190682E10
2.51000000000000023E1	9	2.21560133357464428E10
2.51000000000000023E1	10	2.46177925952738352E10

var_c	harmindex	freq[25, ::]
2.61000000000000032E1	0	0.00000000000000000E0
2.61000000000000032E1	1	2.46131796219511889E9
2.61000000000000032E1	2	4.92263592439023778E9
2.61000000000000032E1	3	7.38395388658535801E9
2.61000000000000032E1	4	9.84527184878047557E9
2.61000000000000032E1	5	1.23065898109755945E10
2.61000000000000032E1	6	1.47679077731707165E10
2.61000000000000032E1	7	1.72292257353658362E10
2.61000000000000032E1	8	1.96905436975609516E10
2.61000000000000032E1	9	2.21518616597560669E10
2.61000000000000032E1	10	2.46131796219511889E10

var_c	harmindex	freq[26, ::]
2.70999999999999996E1	0	0.00000000000000000E0
2.70999999999999996E1	1	2.46089014763985547E9
2.70999999999999996E1	2	4.92178029527971095E9
2.70999999999999996E1	3	7.38267044291956687E9
2.70999999999999996E1	4	9.84356059055942190E9
2.70999999999999996E1	5	1.23044507381992774E10
2.70999999999999996E1	6	1.47653408858391333E10
2.70999999999999996E1	7	1.72262310334789892E10
2.70999999999999996E1	8	1.96871211811188429E10
2.70999999999999996E1	9	2.21480113287587033E10
2.70999999999999996E1	10	2.46089014763985547E10

var_c	harmindex	freq[27, ::]
2.81000000000000005E1	0	0.00000000000000000E0
2.81000000000000005E1	1	2.46049229811304304E9
2.81000000000000005E1	2	4.92098459622608608E9
2.81000000000000005E1	3	7.38147689433913001E9
2.81000000000000005E1	4	9.84196919245217217E9
2.81000000000000005E1	5	1.23024614905652196E10
2.81000000000000005E1	6	1.47629537886782591E10
2.81000000000000005E1	7	1.72234460867913053E10
2.81000000000000005E1	8	1.96839383849043448E10
2.81000000000000005E1	9	2.21444306830173909E10
2.81000000000000005E1	10	2.46049229811304393E10

var_c	harmindex	freq[28, ::]
2.91000000000000014E1	0	0.00000000000000000E0
2.91000000000000014E1	1	2.46012137196012581E9
2.91000000000000014E1	2	4.92024274392025163E9
2.91000000000000014E1	3	7.38036411588037744E9
2.91000000000000014E1	4	9.84048548784050325E9
2.91000000000000014E1	5	1.23006068598006291E10
2.91000000000000014E1	6	1.47607282317607558E10
2.91000000000000014E1	7	1.72208496037208780E10
2.91000000000000014E1	8	1.96809709756810070E10
2.91000000000000014E1	9	2.21410923476411359E10
2.91000000000000014E1	10	2.46012137196012581E10

var_c	harmindex	freq[29, ::]
3.01000000000000023E1	0	0.00000000000000000E0
3.01000000000000023E1	1	2.45977472571390710E9
3.01000000000000023E1	2	4.91954945142781419E9
3.01000000000000023E1	3	7.37932417714172129E9
3.01000000000000023E1	4	9.83909890285562838E9
3.01000000000000023E1	5	1.22988736285695355E10
3.01000000000000023E1	6	1.47586483542834435E10
3.01000000000000023E1	7	1.72184230799973514E10
3.01000000000000023E1	8	1.96781978057112572E10
3.01000000000000023E1	9	2.21379725314251630E10
3.01000000000000023E1	10	2.45977472571390710E10

var_c	harmindex	freq[30, ::]
3.11000000000000032E1	0	0.00000000000000000E0
3.11000000000000032E1	1	2.45945005100057745E9
3.11000000000000032E1	2	4.91890010200115491E9
3.11000000000000032E1	3	7.37835015300173147E9
3.11000000000000032E1	4	9.83780020400230981E9
3.11000000000000032E1	5	1.22972502550028850E10
3.11000000000000032E1	6	1.47567003060034629E10
3.11000000000000032E1	7	1.72161503570040475E10
3.11000000000000032E1	8	1.96756004080046187E10
3.11000000000000032E1	9	2.21350504590051944E10
3.11000000000000032E1	10	2.45945005100057701E10

var_c	harmindex	freq[31, ::]
3.20999999999999996E1	0	0.00000000000000000E0
3.20999999999999996E1	1	2.45914532307485656E9
3.20999999999999996E1	2	4.91829064614971312E9
3.20999999999999996E1	3	7.37743596922456835E9
3.20999999999999996E1	4	9.83658129229942624E9
3.20999999999999996E1	5	1.22957266153742828E10
3.20999999999999996E1	6	1.47548719384491367E10
3.20999999999999996E1	7	1.72140172615239995E10
3.20999999999999996E1	8	1.96731625845988534E10
3.20999999999999996E1	9	2.21323079076737095E10
3.20999999999999996E1	10	2.45914532307485656E10

var_c	harmindex	freq[32, ::]
3.31000000000000005E1	0	0.00000000000000000E0
3.31000000000000005E1	1	2.45885875855667368E9
3.31000000000000005E1	2	4.91771751711334737E9
3.31000000000000005E1	3	7.37657627567001839E9
3.31000000000000005E1	4	9.83543503422669474E9
3.31000000000000005E1	5	1.22942937927833684E10
3.31000000000000005E1	6	1.47531525513400363E10
3.31000000000000005E1	7	1.72120113098967176E10
3.31000000000000005E1	8	1.96708700684533899E10
3.31000000000000005E1	9	2.21297288270100667E10
3.31000000000000005E1	10	2.45885875855667368E10

var_c	harmindex	freq[33, ::]
3.41000000000000014E1	0	0.00000000000000000E0
3.41000000000000014E1	1	2.45858878050674345E9
3.41000000000000014E1	2	4.91717756101348691E9
3.41000000000000014E1	3	7.37576634152023036E9
3.41000000000000014E1	4	9.83435512202697382E9
3.41000000000000014E1	5	1.22929439025337173E10
3.41000000000000014E1	6	1.47515326830404603E10
3.41000000000000014E1	7	1.72101214635472077E10
3.41000000000000014E1	8	1.96687102440539485E10
3.41000000000000014E1	9	2.21272990245606893E10
3.41000000000000014E1	10	2.45858878050674345E10

var_c	harmindex	freq[34, ::]
3.51000000000000023E1	0	0.00000000000000000E0
3.51000000000000023E1	1	2.45833398939542702E9
3.51000000000000023E1	2	4.91666797879085404E9
3.51000000000000023E1	3	7.37500196818628062E9
3.51000000000000023E1	4	9.83333595758170809E9
3.51000000000000023E1	5	1.22916699469771351E10
3.51000000000000023E1	6	1.47500039363725621E10
3.51000000000000023E1	7	1.72083379257679847E10
3.51000000000000023E1	8	1.96666719151634162E10
3.51000000000000023E1	9	2.21250059045588454E10
3.51000000000000023E1	10	2.45833398939542702E10

var_c	harmindex	freq[35, ::]
3.61000000000000032E1	0	0.00000000000000000E0
3.61000000000000032E1	1	2.45809313883664071E9
3.61000000000000032E1	2	4.91618627767328142E9
3.61000000000000032E1	3	7.37427941650992391E9
3.61000000000000032E1	4	9.83237255534656285E9
3.61000000000000032E1	5	1.22904656941832036E10
3.61000000000000032E1	6	1.47485588330198469E10
3.61000000000000032E1	7	1.72066519718564814E10
3.61000000000000032E1	8	1.96647451106931248E10
3.61000000000000032E1	9	2.21228382495297726E10
3.61000000000000032E1	10	2.45809313883664071E10

var_c	harmindex	freq[36, ::]
3.70999999999999996E1	0	0.00000000000000000E0
3.70999999999999996E1	1	2.45786511519862039E9
3.70999999999999996E1	2	4.91573023039724077E9
3.70999999999999996E1	3	7.37359534559585672E9
3.70999999999999996E1	4	9.83146046079448155E9
3.70999999999999996E1	5	1.22893255759930953E10
3.70999999999999996E1	6	1.47471906911917139E10
3.70999999999999996E1	7	1.72050558063903369E10
3.70999999999999996E1	8	1.96629209215889622E10
3.70999999999999996E1	9	2.21207860367875764E10
3.70999999999999996E1	10	2.45786511519861905E10

var_c	harmindex	freq[37, ::]
3.81000000000000005E1	0	0.00000000000000000E0
3.81000000000000005E1	1	2.45764892038766813E9
3.81000000000000005E1	2	4.91529784077533627E9
3.81000000000000005E1	3	7.37294676116300440E9
3.81000000000000005E1	4	9.83059568155067254E9
3.81000000000000005E1	5	1.22882446019383385E10
3.81000000000000005E1	6	1.47458935223260079E10
3.81000000000000005E1	7	1.72035424427136729E10
3.81000000000000005E1	8	1.96611913631013446E10
3.81000000000000005E1	9	2.21188402834890141E10
3.81000000000000005E1	10	2.45764892038766769E10

var_c	harmindex	freq[38, ::]
3.91000000000000014E1	0	0.00000000000000000E0
3.91000000000000014E1	1	2.45744365724343172E9
3.91000000000000014E1	2	4.91488731448686345E9
3.91000000000000014E1	3	7.37233097173029428E9
3.91000000000000014E1	4	9.82977462897372689E9
3.91000000000000014E1	5	1.22872182862171586E10
3.91000000000000014E1	6	1.47446619434605886E10
3.91000000000000014E1	7	1.72021056007040229E10
3.91000000000000014E1	8	1.96595492579474529E10
3.91000000000000014E1	9	2.21169929151908828E10
3.91000000000000014E1	10	2.45744365724343172E10

var_c	harmindex	freq[39, ::]
4.00999999999999979E1	0	0.00000000000000000E0
4.00999999999999979E1	1	2.45724851709482328E9
4.00999999999999979E1	2	4.91449703418964656E9
4.00999999999999979E1	3	7.37174555128447384E9
4.00999999999999979E1	4	9.82899406837929313E9
4.00999999999999979E1	5	1.22862425854741164E10
4.00999999999999979E1	6	1.47434911025689486E10
4.00999999999999979E1	7	1.72007396196637674E10
4.00999999999999979E1	8	1.96579881367585863E10
4.00999999999999979E1	9	2.21152366538534206E10
4.00999999999999979E1	10	2.45724851709482328E10

var_c	harmindex	freq[40, ::]
4.11000000000000032E1	0	0.00000000000000000E0
4.11000000000000032E1	1	2.45706276911274113E9
4.11000000000000032E1	2	4.91412553822548226E9
4.11000000000000032E1	3	7.37118830733822250E9
4.11000000000000032E1	4	9.82825107645096452E9
4.11000000000000032E1	5	1.22853138455637056E10
4.11000000000000032E1	6	1.47423766146764446E10
4.11000000000000032E1	7	1.71994393837891901E10
4.11000000000000032E1	8	1.96565021529019290E10
4.11000000000000032E1	9	2.21135649220146702E10
4.11000000000000032E1	10	2.45706276911274113E10

var_c	harmindex	freq[41, ::]
4.20999999999999996E1	0	0.00000000000000000E0
4.20999999999999996E1	1	2.45688575116395391E9
4.20999999999999996E1	2	4.91377150232790783E9
4.20999999999999996E1	3	7.37065725349186174E9
4.20999999999999996E1	4	9.82754300465581565E9
4.20999999999999996E1	5	1.22844287558197696E10
4.20999999999999996E1	6	1.47413145069837226E10
4.20999999999999996E1	7	1.71982002581476756E10
4.20999999999999996E1	8	1.96550860093116309E10
4.20999999999999996E1	9	2.21119717604755905E10
4.20999999999999996E1	10	2.45688575116395391E10

var_c	harmindex	freq[42, ::]
4.31000000000000050E1	0	0.00000000000000000E0
4.31000000000000050E1	1	2.45671686192497063E9
4.31000000000000050E1	2	4.91343372384994126E9
4.31000000000000050E1	3	7.37015058577491278E9
4.31000000000000050E1	4	9.82686744769988252E9
4.31000000000000050E1	5	1.22835843096248531E10
4.31000000000000050E1	6	1.47403011715498256E10
4.31000000000000050E1	7	1.71970180334747913E10
4.31000000000000050E1	8	1.96537348953997659E10
4.31000000000000050E1	9	2.21104517573247339E10
4.31000000000000050E1	10	2.45671686192497063E10

var_c	harmindex	freq[43, ::]
4.41000000000000014E1	0	0.00000000000000000E0
4.41000000000000014E1	1	2.45655555405788517E9
4.41000000000000014E1	2	4.91311110811577034E9
4.41000000000000014E1	3	7.36966666217365685E9
4.41000000000000014E1	4	9.82622221623154068E9
4.41000000000000014E1	5	1.22827777702894259E10
4.41000000000000014E1	6	1.47393333243473146E10
4.41000000000000014E1	7	1.71958888784051922E10
4.41000000000000014E1	8	1.96524444324630809E10
4.41000000000000014E1	9	2.21089999865209652E10
4.41000000000000014E1	10	2.45655555405788517E10

var_c	harmindex	freq[44, ::]
4.43999999999999950E1	0	0.00000000000000000E0
4.43999999999999950E1	1	2.45650856419948038E9
4.43999999999999950E1	2	4.91301712839896076E9
4.43999999999999950E1	3	7.36952569259844115E9
4.43999999999999950E1	4	9.82603425679792153E9
4.43999999999999950E1	5	1.22825428209974041E10
4.43999999999999950E1	6	1.47390513851968818E10
4.43999999999999950E1	7	1.71955599493963618E10
4.43999999999999950E1	8	1.96520685135958439E10
4.43999999999999950E1	9	2.21085770777953217E10
4.43999999999999950E1	10	2.45650856419948083E10


