	HB.var_c
0	1.10000000000000009E0
1	1.20000000000000018E0
2	1.30000000000000027E0
3	1.40000000000000036E0
4	1.50000000000000044E0
5	1.60000000000000053E0
6	1.70000000000000062E0
7	1.80000000000000071E0
8	1.90000000000000080E0
9	2.00000000000000089E0
10	2.10000000000000098E0
11	2.20000000000000107E0
12	2.30000000000000115E0
13	2.40000000000000124E0
14	2.50000000000000133E0
15	2.60000000000000142E0
16	2.70000000000000151E0
17	2.80000000000000160E0
18	2.90000000000000169E0
19	3.00000000000000178E0
20	3.10000000000000187E0
21	3.20000000000000195E0
22	3.30000000000000204E0
23	3.40000000000000213E0
24	3.50000000000000222E0
25	3.60000000000000231E0
26	3.70000000000000240E0
27	3.80000000000000249E0
28	3.90000000000000258E0
29	4.00000000000000266E0
30	4.10000000000000231E0
31	4.20000000000000195E0
32	4.30000000000000160E0
33	4.40000000000000124E0
34	4.50000000000000089E0
35	4.60000000000000053E0
36	4.70000000000000018E0
37	4.79999999999999982E0
38	4.89999999999999947E0
39	4.99999999999999911E0
40	5.09999999999999876E0
41	5.19999999999999840E0
42	5.29999999999999805E0
43	5.39999999999999769E0
44	5.50000000000000000E0


var_c	harmindex	freq[0, ::]
1.10000000000000009E0	0	0.00000000000000000E0
1.10000000000000009E0	1	2.56732538926578568E9
1.10000000000000009E0	2	5.13465077853157137E9
1.10000000000000009E0	3	7.70197616779735927E9
1.10000000000000009E0	4	1.02693015570631418E10
1.10000000000000009E0	5	1.28366269463289284E10
1.10000000000000009E0	6	1.54039523355947194E10
1.10000000000000009E0	7	1.79712777248605060E10
1.10000000000000009E0	8	2.05386031141262837E10
1.10000000000000009E0	9	2.31059285033920769E10
1.10000000000000009E0	10	2.56732538926578568E10

var_c	harmindex	freq[1, ::]
1.20000000000000018E0	0	0.00000000000000000E0
1.20000000000000018E0	1	2.55908930085817632E9
1.20000000000000018E0	2	5.11817860171635264E9
1.20000000000000018E0	3	7.67726790257452940E9
1.20000000000000018E0	4	1.02363572034327044E10
1.20000000000000018E0	5	1.27954465042908816E10
1.20000000000000018E0	6	1.53545358051490588E10
1.20000000000000018E0	7	1.79136251060072382E10
1.20000000000000018E0	8	2.04727144068654088E10
1.20000000000000018E0	9	2.30318037077235882E10
1.20000000000000018E0	10	2.55908930085817632E10

var_c	harmindex	freq[2, ::]
1.30000000000000027E0	0	0.00000000000000000E0
1.30000000000000027E0	1	2.55192887671481738E9
1.30000000000000027E0	2	5.10385775342963477E9
1.30000000000000027E0	3	7.65578663014445215E9
1.30000000000000027E0	4	1.02077155068592695E10
1.30000000000000027E0	5	1.27596443835740869E10
1.30000000000000027E0	6	1.53115732602889043E10
1.30000000000000027E0	7	1.78635021370037217E10
1.30000000000000027E0	8	2.04154310137185391E10
1.30000000000000027E0	9	2.29673598904333565E10
1.30000000000000027E0	10	2.55192887671481738E10

var_c	harmindex	freq[3, ::]
1.40000000000000036E0	0	0.00000000000000000E0
1.40000000000000036E0	1	2.54564639283568495E9
1.40000000000000036E0	2	5.09129278567136989E9
1.40000000000000036E0	3	7.63693917850705439E9
1.40000000000000036E0	4	1.01825855713427393E10
1.40000000000000036E0	5	1.27282319641784247E10
1.40000000000000036E0	6	1.52738783570141079E10
1.40000000000000036E0	7	1.78195247498497977E10
1.40000000000000036E0	8	2.03651711426854787E10
1.40000000000000036E0	9	2.29108175355211641E10
1.40000000000000036E0	10	2.54564639283568495E10

var_c	harmindex	freq[4, ::]
1.50000000000000044E0	0	0.00000000000000000E0
1.50000000000000044E0	1	2.54008977072411612E9
1.50000000000000044E0	2	5.08017954144823225E9
1.50000000000000044E0	3	7.62026931217235148E9
1.50000000000000044E0	4	1.01603590828964641E10
1.50000000000000044E0	5	1.27004488536205806E10
1.50000000000000044E0	6	1.52405386243447039E10
1.50000000000000044E0	7	1.77806283950688160E10
1.50000000000000044E0	8	2.03207181657929281E10
1.50000000000000044E0	9	2.28608079365170491E10
1.50000000000000044E0	10	2.54008977072411612E10

var_c	harmindex	freq[5, ::]
1.60000000000000053E0	0	0.00000000000000000E0
1.60000000000000053E0	1	2.53514013403192262E9
1.60000000000000053E0	2	5.07028026806384524E9
1.60000000000000053E0	3	7.60542040209576697E9
1.60000000000000053E0	4	1.01405605361276896E10
1.60000000000000053E0	5	1.26757006701596131E10
1.60000000000000053E0	6	1.52108408041915344E10
1.60000000000000053E0	7	1.77459809382234601E10
1.60000000000000053E0	8	2.02811210722553792E10
1.60000000000000053E0	9	2.28162612062873027E10
1.60000000000000053E0	10	2.53514013403192262E10

var_c	harmindex	freq[6, ::]
1.70000000000000062E0	0	0.00000000000000000E0
1.70000000000000062E0	1	2.53070321569168755E9
1.70000000000000062E0	2	5.06140643138337509E9
1.70000000000000062E0	3	7.59210964707506086E9
1.70000000000000062E0	4	1.01228128627667502E10
1.70000000000000062E0	5	1.26535160784584377E10
1.70000000000000062E0	6	1.51842192941501208E10
1.70000000000000062E0	7	1.77149225098418195E10
1.70000000000000062E0	8	2.02456257255335004E10
1.70000000000000062E0	9	2.27763289412251968E10
1.70000000000000062E0	10	2.53070321569168755E10

var_c	harmindex	freq[7, ::]
1.80000000000000071E0	0	0.00000000000000000E0
1.80000000000000071E0	1	2.52670330328514670E9
1.80000000000000071E0	2	5.05340660657029339E9
1.80000000000000071E0	3	7.58010990985544009E9
1.80000000000000071E0	4	1.01068132131405863E10
1.80000000000000071E0	5	1.26335165164257335E10
1.80000000000000071E0	6	1.51602198197108806E10
1.80000000000000071E0	7	1.76869231229960278E10
1.80000000000000071E0	8	2.02136264262811727E10
1.80000000000000071E0	9	2.27403297295663176E10
1.80000000000000071E0	10	2.52670330328514670E10

var_c	harmindex	freq[8, ::]
1.90000000000000080E0	0	0.00000000000000000E0
1.90000000000000080E0	1	2.52307888840850669E9
1.90000000000000080E0	2	5.04615777681701339E9
1.90000000000000080E0	3	7.56923666522552008E9
1.90000000000000080E0	4	1.00923155536340259E10
1.90000000000000080E0	5	1.26153944420425335E10
1.90000000000000080E0	6	1.51384733304510410E10
1.90000000000000080E0	7	1.76615522188595442E10
1.90000000000000080E0	8	2.01846311072680518E10
1.90000000000000080E0	9	2.27077099956765682E10
1.90000000000000080E0	10	2.52307888840850669E10

var_c	harmindex	freq[9, ::]
2.00000000000000089E0	0	0.00000000000000000E0
2.00000000000000089E0	1	2.51977948540765517E9
2.00000000000000089E0	2	5.03955897081531035E9
2.00000000000000089E0	3	7.55933845622296552E9
2.00000000000000089E0	4	1.00791179416306198E10
2.00000000000000089E0	5	1.25988974270382759E10
2.00000000000000089E0	6	1.51186769124459319E10
2.00000000000000089E0	7	1.76384563978535946E10
2.00000000000000089E0	8	2.01582358832612396E10
2.00000000000000089E0	9	2.26780153686689001E10
2.00000000000000089E0	10	2.51977948540765517E10

var_c	harmindex	freq[10, ::]
2.10000000000000098E0	0	0.00000000000000000E0
2.10000000000000098E0	1	2.51676326844937881E9
2.10000000000000098E0	2	5.03352653689875762E9
2.10000000000000098E0	3	7.55028980534813776E9
2.10000000000000098E0	4	1.00670530737975161E10
2.10000000000000098E0	5	1.25838163422468940E10
2.10000000000000098E0	6	1.51005796106962764E10
2.10000000000000098E0	7	1.76173428791456521E10
2.10000000000000098E0	8	2.01341061475950323E10
2.10000000000000098E0	9	2.26508694160444124E10
2.10000000000000098E0	10	2.51676326844937881E10

var_c	harmindex	freq[11, ::]
2.20000000000000107E0	0	0.00000000000000000E0
2.20000000000000107E0	1	2.51399529141028300E9
2.20000000000000107E0	2	5.02799058282056599E9
2.20000000000000107E0	3	7.54198587423084899E9
2.20000000000000107E0	4	1.00559811656411324E10
2.20000000000000107E0	5	1.25699764570514150E10
2.20000000000000107E0	6	1.50839717484616975E10
2.20000000000000107E0	7	1.75979670398719823E10
2.20000000000000107E0	8	2.01119623312822648E10
2.20000000000000107E0	9	2.26259576226925496E10
2.20000000000000107E0	10	2.51399529141028300E10

var_c	harmindex	freq[12, ::]
2.30000000000000115E0	0	0.00000000000000000E0
2.30000000000000115E0	1	2.51144612949054213E9
2.30000000000000115E0	2	5.02289225898108427E9
2.30000000000000115E0	3	7.53433838847162907E9
2.30000000000000115E0	4	1.00457845179621685E10
2.30000000000000115E0	5	1.25572306474527107E10
2.30000000000000115E0	6	1.50686767769432572E10
2.30000000000000115E0	7	1.75801229064337972E10
2.30000000000000115E0	8	2.00915690359243371E10
2.30000000000000115E0	9	2.26030151654148792E10
2.30000000000000115E0	10	2.51144612949054213E10

var_c	harmindex	freq[13, ::]
2.40000000000000124E0	0	0.00000000000000000E0
2.40000000000000124E0	1	2.50909083659516075E9
2.40000000000000124E0	2	5.01818167319032149E9
2.40000000000000124E0	3	7.52727250978548135E9
2.40000000000000124E0	4	1.00363633463806434E10
2.40000000000000124E0	5	1.25454541829758037E10
2.40000000000000124E0	6	1.50545450195709618E10
2.40000000000000124E0	7	1.75636358561661221E10
2.40000000000000124E0	8	2.00727266927612868E10
2.40000000000000124E0	9	2.25818175293564494E10
2.40000000000000124E0	10	2.50909083659516075E10

var_c	harmindex	freq[14, ::]
2.50000000000000133E0	0	0.00000000000000000E0
2.50000000000000133E0	1	2.50690810089528027E9
2.50000000000000133E0	2	5.01381620179056053E9
2.50000000000000133E0	3	7.52072430268583947E9
2.50000000000000133E0	4	1.00276324035811215E10
2.50000000000000133E0	5	1.25345405044764013E10
2.50000000000000133E0	6	1.50414486053716789E10
2.50000000000000133E0	7	1.75483567062669610E10
2.50000000000000133E0	8	2.00552648071622430E10
2.50000000000000133E0	9	2.25621729080575228E10
2.50000000000000133E0	10	2.50690810089528027E10

var_c	harmindex	freq[15, ::]
2.60000000000000142E0	0	0.00000000000000000E0
2.60000000000000142E0	1	2.50487964071052360E9
2.60000000000000142E0	2	5.00975928142104721E9
2.60000000000000142E0	3	7.51463892213157170E9
2.60000000000000142E0	4	1.00195185628420935E10
2.60000000000000142E0	5	1.25243982035526180E10
2.60000000000000142E0	6	1.50292778442631425E10
2.60000000000000142E0	7	1.75341574849736626E10
2.60000000000000142E0	8	2.00390371256841870E10
2.60000000000000142E0	9	2.25439167663947115E10
2.60000000000000142E0	10	2.50487964071052360E10

var_c	harmindex	freq[16, ::]
2.70000000000000151E0	0	0.00000000000000000E0
2.70000000000000151E0	1	2.50298966239183596E9
2.70000000000000151E0	2	5.00597932478367191E9
2.70000000000000151E0	3	7.50896898717550965E9
2.70000000000000151E0	4	1.00119586495673429E10
2.70000000000000151E0	5	1.25149483119591842E10
2.70000000000000151E0	6	1.50179379743510188E10
2.70000000000000151E0	7	1.75209276367428535E10
2.70000000000000151E0	8	2.00239172991346859E10
2.70000000000000151E0	9	2.25269069615265227E10
2.70000000000000151E0	10	2.50298966239183684E10

var_c	harmindex	freq[17, ::]
2.80000000000000160E0	0	0.00000000000000000E0
2.80000000000000160E0	1	2.50122445648054770E9
2.80000000000000160E0	2	5.00244891296109540E9
2.80000000000000160E0	3	7.50367336944164443E9
2.80000000000000160E0	4	1.00048978259221899E10
2.80000000000000160E0	5	1.25061222824027385E10
2.80000000000000160E0	6	1.50073467388832893E10
2.80000000000000160E0	7	1.75085711953638357E10
2.80000000000000160E0	8	2.00097956518443798E10
2.80000000000000160E0	9	2.25110201083249262E10
2.80000000000000160E0	10	2.50122445648054770E10

var_c	harmindex	freq[18, ::]
2.90000000000000169E0	0	0.00000000000000000E0
2.90000000000000169E0	1	2.49957206494939665E9
2.90000000000000169E0	2	4.99914412989879331E9
2.90000000000000169E0	3	7.49871619484818996E9
2.90000000000000169E0	4	9.99828825979758662E9
2.90000000000000169E0	5	1.24978603247469833E10
2.90000000000000169E0	6	1.49974323896963790E10
2.90000000000000169E0	7	1.74970044546457748E10
2.90000000000000169E0	8	1.99965765195951728E10
2.90000000000000169E0	9	2.24961485845445708E10
2.90000000000000169E0	10	2.49957206494939665E10

var_c	harmindex	freq[19, ::]
3.00000000000000178E0	0	0.00000000000000000E0
3.00000000000000178E0	1	2.49802201021688308E9
3.00000000000000178E0	2	4.99604402043376616E9
3.00000000000000178E0	3	7.49406603065064836E9
3.00000000000000178E0	4	9.99208804086753233E9
3.00000000000000178E0	5	1.24901100510844154E10
3.00000000000000178E0	6	1.49881320613012958E10
3.00000000000000178E0	7	1.74861540715181785E10
3.00000000000000178E0	8	1.99841760817350655E10
3.00000000000000178E0	9	2.24821980919519504E10
3.00000000000000178E0	10	2.49802201021688308E10

var_c	harmindex	freq[20, ::]
3.10000000000000187E0	0	0.00000000000000000E0
3.10000000000000187E0	1	2.49656507295758923E9
3.10000000000000187E0	2	4.99313014591517845E9
3.10000000000000187E0	3	7.48969521887276368E9
3.10000000000000187E0	4	9.98626029183035691E9
3.10000000000000187E0	5	1.24828253647879461E10
3.10000000000000187E0	6	1.49793904377455278E10
3.10000000000000187E0	7	1.74759555107031272E10
3.10000000000000187E0	8	1.99725205836607134E10
3.10000000000000187E0	9	2.24690856566182973E10
3.10000000000000187E0	10	2.49656507295758923E10

var_c	harmindex	freq[21, ::]
3.20000000000000195E0	0	0.00000000000000000E0
3.20000000000000195E0	1	2.49519310875729250E9
3.20000000000000195E0	2	4.99038621751458500E9
3.20000000000000195E0	3	7.48557932627187483E9
3.20000000000000195E0	4	9.98077243502917000E9
3.20000000000000195E0	5	1.24759655437864625E10
3.20000000000000195E0	6	1.49711586525437501E10
3.20000000000000195E0	7	1.74663517613010422E10
3.20000000000000195E0	8	1.99615448700583409E10
3.20000000000000195E0	9	2.24567379788156263E10
3.20000000000000195E0	10	2.49519310875729250E10

var_c	harmindex	freq[22, ::]
3.30000000000000204E0	0	0.00000000000000000E0
3.30000000000000204E0	1	2.49389889591525371E9
3.30000000000000204E0	2	4.98779779183050742E9
3.30000000000000204E0	3	7.48169668774576202E9
3.30000000000000204E0	4	9.97559558366101484E9
3.30000000000000204E0	5	1.24694944795762686E10
3.30000000000000204E0	6	1.49633933754915249E10
3.30000000000000204E0	7	1.74572922714067746E10
3.30000000000000204E0	8	1.99511911673220288E10
3.30000000000000204E0	9	2.24450900632372763E10
3.30000000000000204E0	10	2.49389889591525371E10

var_c	harmindex	freq[23, ::]
3.40000000000000213E0	0	0.00000000000000000E0
3.40000000000000213E0	1	2.49267600839030390E9
3.40000000000000213E0	2	4.98535201678060780E9
3.40000000000000213E0	3	7.47802802517091258E9
3.40000000000000213E0	4	9.97070403356121560E9
3.40000000000000213E0	5	1.24633800419515195E10
3.40000000000000213E0	6	1.49560560503418261E10
3.40000000000000213E0	7	1.74487320587321304E10
3.40000000000000213E0	8	1.99414080671224303E10
3.40000000000000213E0	9	2.24340840755127369E10
3.40000000000000213E0	10	2.49267600839030390E10

var_c	harmindex	freq[24, ::]
3.50000000000000222E0	0	0.00000000000000000E0
3.50000000000000222E0	1	2.49151870917589502E9
3.50000000000000222E0	2	4.98303741835179004E9
3.50000000000000222E0	3	7.47455612752768594E9
3.50000000000000222E0	4	9.96607483670358008E9
3.50000000000000222E0	5	1.24575935458794751E10
3.50000000000000222E0	6	1.49491122550553723E10
3.50000000000000222E0	7	1.74406309642312651E10
3.50000000000000222E0	8	1.99321496734071602E10
3.50000000000000222E0	9	2.24236683825830507E10
3.50000000000000222E0	10	2.49151870917589502E10

var_c	harmindex	freq[25, ::]
3.60000000000000231E0	0	0.00000000000000000E0
3.60000000000000231E0	1	2.49042186037176094E9
3.60000000000000231E0	2	4.98084372074352189E9
3.60000000000000231E0	3	7.47126558111528105E9
3.60000000000000231E0	4	9.96168744148704377E9
3.60000000000000231E0	5	1.24521093018588047E10
3.60000000000000231E0	6	1.49425311622305612E10
3.60000000000000231E0	7	1.74329530226023266E10
3.60000000000000231E0	8	1.99233748829740875E10
3.60000000000000231E0	9	2.24137967433458485E10
3.60000000000000231E0	10	2.49042186037176094E10

var_c	harmindex	freq[26, ::]
3.70000000000000240E0	0	0.00000000000000000E0
3.70000000000000240E0	1	2.48938084697971984E9
3.70000000000000240E0	2	4.97876169395943968E9
3.70000000000000240E0	3	7.46814254093915952E9
3.70000000000000240E0	4	9.95752338791887937E9
3.70000000000000240E0	5	1.24469042348985992E10
3.70000000000000240E0	6	1.49362850818783199E10
3.70000000000000240E0	7	1.74256659288580340E10
3.70000000000000240E0	8	1.99150467758377592E10
3.70000000000000240E0	9	2.24044276228174732E10
3.70000000000000240E0	10	2.48938084697971984E10

var_c	harmindex	freq[27, ::]
3.80000000000000249E0	0	0.00000000000000000E0
3.80000000000000249E0	1	2.48839151204096565E9
3.80000000000000249E0	2	4.97678302408193129E9
3.80000000000000249E0	3	7.46517453612289739E9
3.80000000000000249E0	4	9.95356604816386259E9
3.80000000000000249E0	5	1.24419575602048282E10
3.80000000000000249E0	6	1.49303490722457943E10
3.80000000000000249E0	7	1.74187405842867582E10
3.80000000000000249E0	8	1.99071320963277243E10
3.80000000000000249E0	9	2.23955236083686859E10
3.80000000000000249E0	10	2.48839151204096565E10

var_c	harmindex	freq[28, ::]
3.90000000000000258E0	0	0.00000000000000000E0
3.90000000000000258E0	1	2.48745010119381904E9
3.90000000000000258E0	2	4.97490020238763808E9
3.90000000000000258E0	3	7.46235030358145757E9
3.90000000000000258E0	4	9.94980040477527616E9
3.90000000000000258E0	5	1.24372505059690952E10
3.90000000000000258E0	6	1.49247006071629151E10
3.90000000000000258E0	7	1.74121507083567306E10
3.90000000000000258E0	8	1.98996008095505528E10
3.90000000000000258E0	9	2.23870509107443727E10
3.90000000000000258E0	10	2.48745010119381904E10

var_c	harmindex	freq[29, ::]
4.00000000000000266E0	0	0.00000000000000000E0
4.00000000000000266E0	1	2.48655321509309513E9
4.00000000000000266E0	2	4.97310643018619025E9
4.00000000000000266E0	3	7.45965964527928538E9
4.00000000000000266E0	4	9.94621286037238050E9
4.00000000000000266E0	5	1.24327660754654756E10
4.00000000000000266E0	6	1.49193192905585703E10
4.00000000000000266E0	7	1.74058725056516717E10
4.00000000000000266E0	8	1.98924257207447619E10
4.00000000000000266E0	9	2.23789789358378544E10
4.00000000000000266E0	10	2.48655321509309513E10

var_c	harmindex	freq[30, ::]
4.10000000000000231E0	0	0.00000000000000000E0
4.10000000000000231E0	1	2.48569776842067247E9
4.10000000000000231E0	2	4.97139553684134494E9
4.10000000000000231E0	3	7.45709330526201786E9
4.10000000000000231E0	4	9.94279107368268988E9
4.10000000000000231E0	5	1.24284888421033624E10
4.10000000000000231E0	6	1.49141866105240362E10
4.10000000000000231E0	7	1.73998843789447122E10
4.10000000000000231E0	8	1.98855821473653793E10
4.10000000000000231E0	9	2.23712799157860509E10
4.10000000000000231E0	10	2.48569776842067247E10

var_c	harmindex	freq[31, ::]
4.20000000000000195E0	0	0.00000000000000000E0
4.20000000000000195E0	1	2.48488095444671719E9
4.20000000000000195E0	2	4.96976190889343439E9
4.20000000000000195E0	3	7.45464286334014936E9
4.20000000000000195E0	4	9.93952381778686878E9
4.20000000000000195E0	5	1.24244047722335860E10
4.20000000000000195E0	6	1.49092857266802992E10
4.20000000000000195E0	7	1.73941666811270190E10
4.20000000000000195E0	8	1.98790476355737367E10
4.20000000000000195E0	9	2.23639285900204499E10
4.20000000000000195E0	10	2.48488095444671719E10

var_c	harmindex	freq[32, ::]
4.30000000000000160E0	0	0.00000000000000000E0
4.30000000000000160E0	1	2.48410021428351824E9
4.30000000000000160E0	2	4.96820042856703648E9
4.30000000000000160E0	3	7.45230064285055427E9
4.30000000000000160E0	4	9.93640085713407295E9
4.30000000000000160E0	5	1.24205010714175912E10
4.30000000000000160E0	6	1.49046012857011090E10
4.30000000000000160E0	7	1.73887014999846268E10
4.30000000000000160E0	8	1.98728017142681468E10
4.30000000000000160E0	9	2.23569019285516646E10
4.30000000000000160E0	10	2.48410021428351824E10

var_c	harmindex	freq[33, ::]
4.40000000000000124E0	0	0.00000000000000000E0
4.40000000000000124E0	1	2.48335321012281307E9
4.40000000000000124E0	2	4.96670642024562614E9
4.40000000000000124E0	3	7.45005963036843788E9
4.40000000000000124E0	4	9.93341284049125228E9
4.40000000000000124E0	5	1.24167660506140654E10
4.40000000000000124E0	6	1.49001192607368749E10
4.40000000000000124E0	7	1.73834724708596822E10
4.40000000000000124E0	8	1.98668256809825050E10
4.40000000000000124E0	9	2.23501788911053101E10
4.40000000000000124E0	10	2.48335321012281307E10

var_c	harmindex	freq[34, ::]
4.50000000000000089E0	0	0.00000000000000000E0
4.50000000000000089E0	1	2.48263780186753058E9
4.50000000000000089E0	2	4.96527560373506116E9
4.50000000000000089E0	3	7.44791340560259130E9
4.50000000000000089E0	4	9.93055120747012232E9
4.50000000000000089E0	5	1.24131890093376529E10
4.50000000000000089E0	6	1.48958268112051817E10
4.50000000000000089E0	7	1.73784646130727150E10
4.50000000000000089E0	8	1.98611024149402438E10
4.50000000000000089E0	9	2.23437402168077748E10
4.50000000000000089E0	10	2.48263780186753058E10

var_c	harmindex	freq[35, ::]
4.60000000000000053E0	0	0.00000000000000000E0
4.60000000000000053E0	1	2.48195202666595094E9
4.60000000000000053E0	2	4.96390405333190188E9
4.60000000000000053E0	3	7.44585607999785459E9
4.60000000000000053E0	4	9.92780810666380376E9
4.60000000000000053E0	5	1.24097601333297547E10
4.60000000000000053E0	6	1.48917121599957092E10
4.60000000000000053E0	7	1.73736641866616592E10
4.60000000000000053E0	8	1.98556162133276071E10
4.60000000000000053E0	9	2.23375682399935638E10
4.60000000000000053E0	10	2.48195202666595094E10

var_c	harmindex	freq[36, ::]
4.70000000000000018E0	0	0.00000000000000000E0
4.70000000000000018E0	1	2.48129408093602688E9
4.70000000000000018E0	2	4.96258816187205376E9
4.70000000000000018E0	3	7.44388224280807798E9
4.70000000000000018E0	4	9.92517632374410752E9
4.70000000000000018E0	5	1.24064704046801344E10
4.70000000000000018E0	6	1.48877644856161551E10
4.70000000000000018E0	7	1.73690585665521868E10
4.70000000000000018E0	8	1.98503526474882142E10
4.70000000000000018E0	9	2.23316467284242304E10
4.70000000000000018E0	10	2.48129408093602688E10

var_c	harmindex	freq[37, ::]
4.79999999999999982E0	0	0.00000000000000000E0
4.79999999999999982E0	1	2.48066230453395686E9
4.79999999999999982E0	2	4.96132460906791373E9
4.79999999999999982E0	3	7.44198691360187059E9
4.79999999999999982E0	4	9.92264921813582745E9
4.79999999999999982E0	5	1.24033115226697843E10
4.79999999999999982E0	6	1.48839738272037403E10
4.79999999999999982E0	7	1.73646361317376963E10
4.79999999999999982E0	8	1.98452984362716545E10
4.79999999999999982E0	9	2.23259607408056127E10
4.79999999999999982E0	10	2.48066230453395686E10

var_c	harmindex	freq[38, ::]
4.89999999999999947E0	0	0.00000000000000000E0
4.89999999999999947E0	1	2.48005516677396143E9
4.89999999999999947E0	2	4.96011033354792286E9
4.89999999999999947E0	3	7.44016550032188473E9
4.89999999999999947E0	4	9.92022066709584571E9
4.89999999999999947E0	5	1.24002758338698116E10
4.89999999999999947E0	6	1.48803310006437695E10
4.89999999999999947E0	7	1.73603861674177340E10
4.89999999999999947E0	8	1.98404413341916919E10
4.89999999999999947E0	9	2.23204965009656586E10
4.89999999999999947E0	10	2.48005516677396232E10

var_c	harmindex	freq[39, ::]
4.99999999999999911E0	0	0.00000000000000000E0
4.99999999999999911E0	1	2.47947125405183488E9
4.99999999999999911E0	2	4.95894250810366977E9
4.99999999999999911E0	3	7.43841376215550287E9
4.99999999999999911E0	4	9.91788501620733953E9
4.99999999999999911E0	5	1.23973562702591744E10
4.99999999999999911E0	6	1.48768275243110049E10
4.99999999999999911E0	7	1.73562987783628420E10
4.99999999999999911E0	8	1.98357700324146791E10
4.99999999999999911E0	9	2.23152412864665095E10
4.99999999999999911E0	10	2.47947125405183488E10

var_c	harmindex	freq[40, ::]
5.09999999999999876E0	0	0.00000000000000000E0
5.09999999999999876E0	1	2.47890925886160485E9
5.09999999999999876E0	2	4.95781851772320969E9
5.09999999999999876E0	3	7.43672777658481454E9
5.09999999999999876E0	4	9.91563703544641939E9
5.09999999999999876E0	5	1.23945462943080242E10
5.09999999999999876E0	6	1.48734555531696300E10
5.09999999999999876E0	7	1.73523648120312335E10
5.09999999999999876E0	8	1.98312740708928392E10
5.09999999999999876E0	9	2.23101833297544427E10
5.09999999999999876E0	10	2.47890925886160485E10

var_c	harmindex	freq[41, ::]
5.19999999999999840E0	0	0.00000000000000000E0
5.19999999999999840E0	1	2.47836797002570197E9
5.19999999999999840E0	2	4.95673594005140394E9
5.19999999999999840E0	3	7.43510391007710325E9
5.19999999999999840E0	4	9.91347188010280789E9
5.19999999999999840E0	5	1.23918398501285099E10
5.19999999999999840E0	6	1.48702078201542065E10
5.19999999999999840E0	7	1.73485757901799142E10
5.19999999999999840E0	8	1.98269437602056153E10
5.19999999999999840E0	9	2.23053117302313186E10
5.19999999999999840E0	10	2.47836797002570197E10

var_c	harmindex	freq[42, ::]
5.29999999999999805E0	0	0.00000000000000000E0
5.29999999999999805E0	1	2.47784626398505159E9
5.29999999999999805E0	2	4.95569252797010318E9
5.29999999999999805E0	3	7.43353879195515344E9
5.29999999999999805E0	4	9.91138505594020636E9
5.29999999999999805E0	5	1.23892313199252579E10
5.29999999999999805E0	6	1.48670775839103064E10
5.29999999999999805E0	7	1.73449238478953660E10
5.29999999999999805E0	8	1.98227701118804123E10
5.29999999999999805E0	9	2.23006163758654674E10
5.29999999999999805E0	10	2.47784626398505159E10

var_c	harmindex	freq[43, ::]
5.39999999999999769E0	0	0.00000000000000000E0
5.39999999999999769E0	1	2.47734309701745881E9
5.39999999999999769E0	2	4.95468619403491761E9
5.39999999999999769E0	3	7.43202929105237597E9
5.39999999999999769E0	4	9.90937238806983522E9
5.39999999999999769E0	5	1.23867154850872940E10
5.39999999999999769E0	6	1.48640585821047511E10
5.39999999999999769E0	7	1.73414016791222148E10
5.39999999999999769E0	8	1.98187447761396696E10
5.39999999999999769E0	9	2.22960878731571288E10
5.39999999999999769E0	10	2.47734309701745881E10

var_c	harmindex	freq[44, ::]
5.50000000000000000E0	0	0.00000000000000000E0
5.50000000000000000E0	1	2.47685749827068946E9
5.50000000000000000E0	2	4.95371499654137892E9
5.50000000000000000E0	3	7.43057249481206838E9
5.50000000000000000E0	4	9.90742999308275785E9
5.50000000000000000E0	5	1.23842874913534473E10
5.50000000000000000E0	6	1.48611449896241377E10
5.50000000000000000E0	7	1.73380024878948236E10
5.50000000000000000E0	8	1.98148599861655161E10
5.50000000000000000E0	9	2.22917174844362131E10
5.50000000000000000E0	10	2.47685749827068946E10


