	HB.var_c
0	2.20000000000000018E0
1	2.30000000000000027E0
2	2.40000000000000036E0
3	2.50000000000000044E0
4	2.60000000000000053E0
5	2.70000000000000062E0
6	2.80000000000000071E0
7	2.90000000000000080E0
8	3.00000000000000089E0
9	3.10000000000000098E0
10	3.20000000000000107E0
11	3.30000000000000115E0
12	3.40000000000000124E0
13	3.50000000000000133E0
14	3.60000000000000142E0
15	3.70000000000000151E0
16	3.80000000000000160E0
17	3.90000000000000169E0
18	4.00000000000000178E0
19	4.10000000000000142E0
20	4.20000000000000107E0
21	4.30000000000000071E0
22	4.40000000000000036E0
23	4.50000000000000000E0
24	4.59999999999999964E0
25	4.69999999999999929E0
26	4.79999999999999893E0
27	4.89999999999999858E0
28	4.99999999999999822E0
29	5.09999999999999787E0
30	5.19999999999999751E0
31	5.29999999999999716E0
32	5.39999999999999680E0
33	5.50000000000000000E0


var_c	harmindex	freq[0, ::]
2.20000000000000018E0	0	0.00000000000000000E0
2.20000000000000018E0	1	2.51671627163056710E9
2.20000000000000018E0	2	5.03343254326113421E9
2.20000000000000018E0	3	7.55014881489170087E9
2.20000000000000018E0	4	1.00668650865222675E10
2.20000000000000018E0	5	1.25835813581528355E10
2.20000000000000018E0	6	1.51002976297834013E10
2.20000000000000018E0	7	1.76170139014139693E10
2.20000000000000018E0	8	2.01337301730445351E10
2.20000000000000018E0	9	2.26504464446751097E10
2.20000000000000018E0	10	2.51671627163056710E10

var_c	harmindex	freq[1, ::]
2.30000000000000027E0	0	0.00000000000000000E0
2.30000000000000027E0	1	2.51415837844143342E9
2.30000000000000027E0	2	5.02831675688286683E9
2.30000000000000027E0	3	7.54247513532429981E9
2.30000000000000027E0	4	1.00566335137657337E10
2.30000000000000027E0	5	1.25707918922071671E10
2.30000000000000027E0	6	1.50849502706486005E10
2.30000000000000027E0	7	1.75991086490900317E10
2.30000000000000027E0	8	2.01132670275314673E10
2.30000000000000027E0	9	2.26274254059728896E10
2.30000000000000027E0	10	2.51415837844143342E10

var_c	harmindex	freq[2, ::]
2.40000000000000036E0	0	0.00000000000000000E0
2.40000000000000036E0	1	2.51179513408933186E9
2.40000000000000036E0	2	5.02359026817866372E9
2.40000000000000036E0	3	7.53538540226799647E9
2.40000000000000036E0	4	1.00471805363573274E10
2.40000000000000036E0	5	1.25589756704466593E10
2.40000000000000036E0	6	1.50707708045359934E10
2.40000000000000036E0	7	1.75825659386253252E10
2.40000000000000036E0	8	2.00943610727146549E10
2.40000000000000036E0	9	2.26061562068039823E10
2.40000000000000036E0	10	2.51179513408933186E10

var_c	harmindex	freq[3, ::]
2.50000000000000044E0	0	0.00000000000000000E0
2.50000000000000044E0	1	2.50960513470421009E9
2.50000000000000044E0	2	5.01921026940842019E9
2.50000000000000044E0	3	7.52881540411262762E9
2.50000000000000044E0	4	1.00384205388168413E10
2.50000000000000044E0	5	1.25480256735210483E10
2.50000000000000044E0	6	1.50576308082252552E10
2.50000000000000044E0	7	1.75672359429294644E10
2.50000000000000044E0	8	2.00768410776336825E10
2.50000000000000044E0	9	2.25864462123378829E10
2.50000000000000044E0	10	2.50960513470420965E10

var_c	harmindex	freq[4, ::]
2.60000000000000053E0	0	0.00000000000000000E0
2.60000000000000053E0	1	2.50757000850262868E9
2.60000000000000053E0	2	5.01514001700525736E9
2.60000000000000053E0	3	7.52271002550788648E9
2.60000000000000053E0	4	1.00302800340105147E10
2.60000000000000053E0	5	1.25378500425131434E10
2.60000000000000053E0	6	1.50454200510157721E10
2.60000000000000053E0	7	1.75529900595184030E10
2.60000000000000053E0	8	2.00605600680210294E10
2.60000000000000053E0	9	2.25681300765236603E10
2.60000000000000053E0	10	2.50757000850262868E10

var_c	harmindex	freq[5, ::]
2.70000000000000062E0	0	0.00000000000000000E0
2.70000000000000062E0	1	2.50567389208522551E9
2.70000000000000062E0	2	5.01134778417045101E9
2.70000000000000062E0	3	7.51702167625567608E9
2.70000000000000062E0	4	1.00226955683409025E10
2.70000000000000062E0	5	1.25283694604261275E10
2.70000000000000062E0	6	1.50340433525113526E10
2.70000000000000062E0	7	1.75397172445965777E10
2.70000000000000062E0	8	2.00453911366818049E10
2.70000000000000062E0	9	2.25510650287670211E10
2.70000000000000062E0	10	2.50567389208522551E10

var_c	harmindex	freq[6, ::]
2.80000000000000071E0	0	0.00000000000000000E0
2.80000000000000071E0	1	2.50390301654600433E9
2.80000000000000071E0	2	5.00780603309200867E9
2.80000000000000071E0	3	7.51170904963801433E9
2.80000000000000071E0	4	1.00156120661840164E10
2.80000000000000071E0	5	1.25195150827300217E10
2.80000000000000071E0	6	1.50234180992760291E10
2.80000000000000071E0	7	1.75273211158220255E10
2.80000000000000071E0	8	2.00312241323680329E10
2.80000000000000071E0	9	2.25351271489140448E10
2.80000000000000071E0	10	2.50390301654600433E10

var_c	harmindex	freq[7, ::]
2.90000000000000080E0	0	0.00000000000000000E0
2.90000000000000080E0	1	2.50224537291201310E9
2.90000000000000080E0	2	5.00449074582402620E9
2.90000000000000080E0	3	7.50673611873603797E9
2.90000000000000080E0	4	1.00089814916480524E10
2.90000000000000080E0	5	1.25112268645600655E10
2.90000000000000080E0	6	1.50134722374720764E10
2.90000000000000080E0	7	1.75157176103840873E10
2.90000000000000080E0	8	2.00179629832961048E10
2.90000000000000080E0	9	2.25202083562081201E10
2.90000000000000080E0	10	2.50224537291201310E10

var_c	harmindex	freq[8, ::]
3.00000000000000089E0	0	0.00000000000000000E0
3.00000000000000089E0	1	2.50069043970419980E9
3.00000000000000089E0	2	5.00138087940839959E9
3.00000000000000089E0	3	7.50207131911259761E9
3.00000000000000089E0	4	1.00027617588167983E10
3.00000000000000089E0	5	1.25034521985209990E10
3.00000000000000089E0	6	1.50041426382251952E10
3.00000000000000089E0	7	1.75048330779293981E10
3.00000000000000089E0	8	2.00055235176335966E10
3.00000000000000089E0	9	2.25062139573377973E10
3.00000000000000089E0	10	2.50069043970419980E10

var_c	harmindex	freq[9, ::]
3.10000000000000098E0	0	0.00000000000000000E0
3.10000000000000098E0	1	2.49922895958268665E9
3.10000000000000098E0	2	4.99845791916537330E9
3.10000000000000098E0	3	7.49768687874805817E9
3.10000000000000098E0	4	9.99691583833074660E9
3.10000000000000098E0	5	1.24961447979134332E10
3.10000000000000098E0	6	1.49953737574961155E10
3.10000000000000098E0	7	1.74946027170788088E10
3.10000000000000098E0	8	1.99938316766614932E10
3.10000000000000098E0	9	2.24930606362441665E10
3.10000000000000098E0	10	2.49922895958268665E10

var_c	harmindex	freq[10, ::]
3.20000000000000107E0	0	0.00000000000000000E0
3.20000000000000107E0	1	2.49785275505917426E9
3.20000000000000107E0	2	4.99570551011834851E9
3.20000000000000107E0	3	7.49355826517752632E9
3.20000000000000107E0	4	9.99141102023669703E9
3.20000000000000107E0	5	1.24892637752958713E10
3.20000000000000107E0	6	1.49871165303550535E10
3.20000000000000107E0	7	1.74849692854142269E10
3.20000000000000107E0	8	1.99828220404733936E10
3.20000000000000107E0	9	2.24806747955325736E10
3.20000000000000107E0	10	2.49785275505917426E10

var_c	harmindex	freq[11, ::]
3.30000000000000115E0	0	0.00000000000000000E0
3.30000000000000115E0	1	2.49655457552455040E9
3.30000000000000115E0	2	4.99310915104910080E9
3.30000000000000115E0	3	7.48966372657365032E9
3.30000000000000115E0	4	9.98621830209820160E9
3.30000000000000115E0	5	1.24827728776227520E10
3.30000000000000115E0	6	1.49793274531472997E10
3.30000000000000115E0	7	1.74758820286718519E10
3.30000000000000115E0	8	1.99724366041964041E10
3.30000000000000115E0	9	2.24689911797209518E10
3.30000000000000115E0	10	2.49655457552455040E10

var_c	harmindex	freq[12, ::]
3.40000000000000124E0	0	0.00000000000000000E0
3.40000000000000124E0	1	2.49532796956769687E9
3.40000000000000124E0	2	4.99065593913539374E9
3.40000000000000124E0	3	7.48598390870309238E9
3.40000000000000124E0	4	9.98131187827078747E9
3.40000000000000124E0	5	1.24766398478384821E10
3.40000000000000124E0	6	1.49719678174061843E10
3.40000000000000124E0	7	1.74672957869738754E10
3.40000000000000124E0	8	1.99626237565415754E10
3.40000000000000124E0	9	2.24579517261092709E10
3.40000000000000124E0	10	2.49532796956769642E10

var_c	harmindex	freq[13, ::]
3.50000000000000133E0	0	0.00000000000000000E0
3.50000000000000133E0	1	2.49416717782780406E9
3.50000000000000133E0	2	4.98833435565560812E9
3.50000000000000133E0	3	7.48250153348341485E9
3.50000000000000133E0	4	9.97666871131121624E9
3.50000000000000133E0	5	1.24708358891390203E10
3.50000000000000133E0	6	1.49650030669668288E10
3.50000000000000133E0	7	1.74591702447946284E10
3.50000000000000133E0	8	1.99533374226224325E10
3.50000000000000133E0	9	2.24475046004502410E10
3.50000000000000133E0	10	2.49416717782780406E10

var_c	harmindex	freq[14, ::]
3.60000000000000142E0	0	0.00000000000000000E0
3.60000000000000142E0	1	2.49306704263387235E9
3.60000000000000142E0	2	4.98613408526774471E9
3.60000000000000142E0	3	7.47920112790161795E9
3.60000000000000142E0	4	9.97226817053548942E9
3.60000000000000142E0	5	1.24653352131693618E10
3.60000000000000142E0	6	1.49584022558032359E10
3.60000000000000142E0	7	1.74514692984371078E10
3.60000000000000142E0	8	1.99445363410709797E10
3.60000000000000142E0	9	2.24376033837048539E10
3.60000000000000142E0	10	2.49306704263387235E10

var_c	harmindex	freq[15, ::]
3.70000000000000151E0	0	0.00000000000000000E0
3.70000000000000151E0	1	2.49202293144053844E9
3.70000000000000151E0	2	4.98404586288107687E9
3.70000000000000151E0	3	7.47606879432161531E9
3.70000000000000151E0	4	9.96809172576215374E9
3.70000000000000151E0	5	1.24601146572026922E10
3.70000000000000151E0	6	1.49521375886432306E10
3.70000000000000151E0	7	1.74441605200837624E10
3.70000000000000151E0	8	1.99361834515243075E10
3.70000000000000151E0	9	2.24282063829648370E10
3.70000000000000151E0	10	2.49202293144053844E10

var_c	harmindex	freq[16, ::]
3.80000000000000160E0	0	0.00000000000000000E0
3.80000000000000160E0	1	2.49103067166309389E9
3.80000000000000160E0	2	4.98206134332618777E9
3.80000000000000160E0	3	7.47309201498928211E9
3.80000000000000160E0	4	9.96412268665237555E9
3.80000000000000160E0	5	1.24551533583154694E10
3.80000000000000160E0	6	1.49461840299785642E10
3.80000000000000160E0	7	1.74372147016416568E10
3.80000000000000160E0	8	1.99282453733047515E10
3.80000000000000160E0	9	2.24192760449678508E10
3.80000000000000160E0	10	2.49103067166309389E10

var_c	harmindex	freq[17, ::]
3.90000000000000169E0	0	0.00000000000000000E0
3.90000000000000169E0	1	2.49008649498100265E9
3.90000000000000169E0	2	4.98017298996200530E9
3.90000000000000169E0	3	7.47025948494300884E9
3.90000000000000169E0	4	9.96034597992401061E9
3.90000000000000169E0	5	1.24504324749050177E10
3.90000000000000169E0	6	1.49405189698860186E10
3.90000000000000169E0	7	1.74306054648670172E10
3.90000000000000169E0	8	1.99206919598480203E10
3.90000000000000169E0	9	2.24107784548290212E10
3.90000000000000169E0	10	2.49008649498100354E10

var_c	harmindex	freq[18, ::]
4.00000000000000178E0	0	0.00000000000000000E0
4.00000000000000178E0	1	2.48918698954219186E9
4.00000000000000178E0	2	4.97837397908438373E9
4.00000000000000178E0	3	7.46756096862657603E9
4.00000000000000178E0	4	9.95674795816876745E9
4.00000000000000178E0	5	1.24459349477109593E10
4.00000000000000178E0	6	1.49351219372531530E10
4.00000000000000178E0	7	1.74243089267953399E10
4.00000000000000178E0	8	1.99134959163375358E10
4.00000000000000178E0	9	2.24026829058797272E10
4.00000000000000178E0	10	2.48918698954219186E10

var_c	harmindex	freq[19, ::]
4.10000000000000142E0	0	0.00000000000000000E0
4.10000000000000142E0	1	2.48832905879075872E9
4.10000000000000142E0	2	4.97665811758151744E9
4.10000000000000142E0	3	7.46498717637227571E9
4.10000000000000142E0	4	9.95331623516303488E9
4.10000000000000142E0	5	1.24416452939537936E10
4.10000000000000142E0	6	1.49299743527445505E10
4.10000000000000142E0	7	1.74183034115353119E10
4.10000000000000142E0	8	1.99066324703260689E10
4.10000000000000142E0	9	2.23949615291168325E10
4.10000000000000142E0	10	2.48832905879075872E10

var_c	harmindex	freq[20, ::]
4.20000000000000107E0	0	0.00000000000000000E0
4.20000000000000107E0	1	2.48750988587176147E9
4.20000000000000107E0	2	4.97501977174352294E9
4.20000000000000107E0	3	7.46252965761528309E9
4.20000000000000107E0	4	9.95003954348704589E9
4.20000000000000107E0	5	1.24375494293588074E10
4.20000000000000107E0	6	1.49250593152305666E10
4.20000000000000107E0	7	1.74125692011023281E10
4.20000000000000107E0	8	1.99000790869740918E10
4.20000000000000107E0	9	2.23875889728458510E10
4.20000000000000107E0	10	2.48750988587176147E10

var_c	harmindex	freq[21, ::]
4.30000000000000071E0	0	0.00000000000000000E0
4.30000000000000071E0	1	2.48672690275148955E9
4.30000000000000071E0	2	4.97345380550297911E9
4.30000000000000071E0	3	7.46018070825446955E9
4.30000000000000071E0	4	9.94690761100595822E9
4.30000000000000071E0	5	1.24336345137574500E10
4.30000000000000071E0	6	1.49203614165089382E10
4.30000000000000071E0	7	1.74070883192604309E10
4.30000000000000071E0	8	1.98938152220119169E10
4.30000000000000071E0	9	2.23805421247634051E10
4.30000000000000071E0	10	2.48672690275149000E10

var_c	harmindex	freq[22, ::]
4.40000000000000036E0	0	0.00000000000000000E0
4.40000000000000036E0	1	2.48597776334029641E9
4.40000000000000036E0	2	4.97195552668059282E9
4.40000000000000036E0	3	7.45793329002088701E9
4.40000000000000036E0	4	9.94391105336118564E9
4.40000000000000036E0	5	1.24298888167014820E10
4.40000000000000036E0	6	1.49158665800417745E10
4.40000000000000036E0	7	1.74018443433820735E10
4.40000000000000036E0	8	1.98878221067223704E10
4.40000000000000036E0	9	2.23737998700626672E10
4.40000000000000036E0	10	2.48597776334029641E10

var_c	harmindex	freq[23, ::]
4.50000000000000000E0	0	0.00000000000000000E0
4.50000000000000000E0	1	2.48526032002478781E9
4.50000000000000000E0	2	4.97052064004957561E9
4.50000000000000000E0	3	7.45578096007436208E9
4.50000000000000000E0	4	9.94104128009915122E9
4.50000000000000000E0	5	1.24263016001239390E10
4.50000000000000000E0	6	1.49115619201487237E10
4.50000000000000000E0	7	1.73968222401735106E10
4.50000000000000000E0	8	1.98820825601983020E10
4.50000000000000000E0	9	2.23673428802230934E10
4.50000000000000000E0	10	2.48526032002478781E10

var_c	harmindex	freq[24, ::]
4.59999999999999964E0	0	0.00000000000000000E0
4.59999999999999964E0	1	2.48457260311581596E9
4.59999999999999964E0	2	4.96914520623163192E9
4.59999999999999964E0	3	7.45371780934744699E9
4.59999999999999964E0	4	9.93829041246326383E9
4.59999999999999964E0	5	1.24228630155790798E10
4.59999999999999964E0	6	1.49074356186948931E10
4.59999999999999964E0	7	1.73920082218107086E10
4.59999999999999964E0	8	1.98765808249265286E10
4.59999999999999964E0	9	2.23611534280423419E10
4.59999999999999964E0	10	2.48457260311581596E10

var_c	harmindex	freq[25, ::]
4.69999999999999929E0	0	0.00000000000000000E0
4.69999999999999929E0	1	2.48391280279884885E9
4.69999999999999929E0	2	4.96782560559769770E9
4.69999999999999929E0	3	7.45173840839654833E9
4.69999999999999929E0	4	9.93565121119539540E9
4.69999999999999929E0	5	1.24195640139942465E10
4.69999999999999929E0	6	1.49034768167930975E10
4.69999999999999929E0	7	1.73873896195919464E10
4.69999999999999929E0	8	1.98713024223907908E10
4.69999999999999929E0	9	2.23552152251896441E10
4.69999999999999929E0	10	2.48391280279884930E10

var_c	harmindex	freq[26, ::]
4.79999999999999893E0	0	0.00000000000000000E0
4.79999999999999893E0	1	2.48327925323665166E9
4.79999999999999893E0	2	4.96655850647330332E9
4.79999999999999893E0	3	7.44983775970995588E9
4.79999999999999893E0	4	9.93311701294660665E9
4.79999999999999893E0	5	1.24163962661832583E10
4.79999999999999893E0	6	1.48996755194199126E10
4.79999999999999893E0	7	1.73829547726565670E10
4.79999999999999893E0	8	1.98662340258932124E10
4.79999999999999893E0	9	2.23495132791298712E10
4.79999999999999893E0	10	2.48327925323665166E10

var_c	harmindex	freq[27, ::]
4.89999999999999858E0	0	0.00000000000000000E0
4.89999999999999858E0	1	2.48267041853308701E9
4.89999999999999858E0	2	4.96534083706617402E9
4.89999999999999858E0	3	7.44801125559926369E9
4.89999999999999858E0	4	9.93068167413234804E9
4.89999999999999858E0	5	1.24133520926654350E10
4.89999999999999858E0	6	1.48960225111985278E10
4.89999999999999858E0	7	1.73786929297316139E10
4.89999999999999858E0	8	1.98613633482646956E10
4.89999999999999858E0	9	2.23440337667977795E10
4.89999999999999858E0	10	2.48267041853308701E10

var_c	harmindex	freq[28, ::]
4.99999999999999822E0	0	0.00000000000000000E0
4.99999999999999822E0	1	2.48208488030603247E9
4.99999999999999822E0	2	4.96416976061206494E9
4.99999999999999822E0	3	7.44625464091809697E9
4.99999999999999822E0	4	9.92833952122412988E9
4.99999999999999822E0	5	1.24104244015301624E10
4.99999999999999822E0	6	1.48925092818361948E10
4.99999999999999822E0	7	1.73745941621422229E10
4.99999999999999822E0	8	1.98566790424482598E10
4.99999999999999822E0	9	2.23387639227542945E10
4.99999999999999822E0	10	2.48208488030603247E10

var_c	harmindex	freq[29, ::]
5.09999999999999787E0	0	0.00000000000000000E0
5.09999999999999787E0	1	2.48152132666089553E9
5.09999999999999787E0	2	4.96304265332179106E9
5.09999999999999787E0	3	7.44456397998268660E9
5.09999999999999787E0	4	9.92608530664358213E9
5.09999999999999787E0	5	1.24076066333044777E10
5.09999999999999787E0	6	1.48891279599653736E10
5.09999999999999787E0	7	1.73706492866262674E10
5.09999999999999787E0	8	1.98521706132871634E10
5.09999999999999787E0	9	2.23336919399480616E10
5.09999999999999787E0	10	2.48152132666089553E10

var_c	harmindex	freq[30, ::]
5.19999999999999751E0	0	0.00000000000000000E0
5.19999999999999751E0	1	2.48097854238166970E9
5.19999999999999751E0	2	4.96195708476333941E9
5.19999999999999751E0	3	7.44293562714500911E9
5.19999999999999751E0	4	9.92391416952667882E9
5.19999999999999751E0	5	1.24048927119083463E10
5.19999999999999751E0	6	1.48858712542900173E10
5.19999999999999751E0	7	1.73668497966716906E10
5.19999999999999751E0	8	1.98478283390533572E10
5.19999999999999751E0	9	2.23288068814350327E10
5.19999999999999751E0	10	2.48097854238166926E10

var_c	harmindex	freq[31, ::]
5.29999999999999716E0	0	0.00000000000000000E0
5.29999999999999716E0	1	2.48045540018701693E9
5.29999999999999716E0	2	4.96091080037403387E9
5.29999999999999716E0	3	7.44136620056105080E9
5.29999999999999716E0	4	9.92182160074806774E9
5.29999999999999716E0	5	1.24022770009350825E10
5.29999999999999716E0	6	1.48827324011221007E10
5.29999999999999716E0	7	1.73631878013091168E10
5.29999999999999716E0	8	1.98436432014961350E10
5.29999999999999716E0	9	2.23240986016831444E10
5.29999999999999716E0	10	2.48045540018701649E10

var_c	harmindex	freq[32, ::]
5.39999999999999680E0	0	0.00000000000000000E0
5.39999999999999680E0	1	2.47995085291877126E9
5.39999999999999680E0	2	4.95990170583754253E9
5.39999999999999680E0	3	7.43985255875631246E9
5.39999999999999680E0	4	9.91980341167508506E9
5.39999999999999680E0	5	1.23997542645938563E10
5.39999999999999680E0	6	1.48797051175126249E10
5.39999999999999680E0	7	1.73596559704313913E10
5.39999999999999680E0	8	1.98396068233501710E10
5.39999999999999680E0	9	2.23195576762689374E10
5.39999999999999680E0	10	2.47995085291877126E10

var_c	harmindex	freq[33, ::]
5.50000000000000000E0	0	0.00000000000000000E0
5.50000000000000000E0	1	2.47946392654758441E9
5.50000000000000000E0	2	4.95892785309516881E9
5.50000000000000000E0	3	7.43839177964275144E9
5.50000000000000000E0	4	9.91785570619033763E9
5.50000000000000000E0	5	1.23973196327379220E10
5.50000000000000000E0	6	1.48767835592855024E10
5.50000000000000000E0	7	1.73562474858330873E10
5.50000000000000000E0	8	1.98357114123806744E10
5.50000000000000000E0	9	2.23151753389282570E10
5.50000000000000000E0	10	2.47946392654758441E10


