	HB.var_c
0	2.20000000000000018E0
1	2.30000000000000027E0
2	2.40000000000000036E0
3	2.50000000000000044E0
4	2.60000000000000053E0
5	2.70000000000000062E0
6	2.80000000000000071E0
7	2.90000000000000080E0
8	3.00000000000000089E0
9	3.10000000000000098E0
10	3.20000000000000107E0
11	3.30000000000000115E0
12	3.40000000000000124E0
13	3.50000000000000133E0
14	3.60000000000000142E0
15	3.70000000000000151E0
16	3.80000000000000160E0
17	3.90000000000000169E0
18	4.00000000000000178E0
19	4.10000000000000142E0
20	4.20000000000000107E0
21	4.30000000000000071E0
22	4.40000000000000036E0
23	4.50000000000000000E0
24	4.59999999999999964E0
25	4.69999999999999929E0
26	4.79999999999999893E0
27	4.89999999999999858E0
28	4.99999999999999822E0
29	5.09999999999999787E0
30	5.19999999999999751E0
31	5.29999999999999716E0
32	5.39999999999999680E0
33	5.49999999999999645E0
34	5.59999999999999609E0
35	5.69999999999999574E0
36	5.79999999999999538E0
37	5.89999999999999503E0
38	5.99999999999999467E0
39	6.09999999999999432E0
40	6.19999999999999396E0
41	6.29999999999999361E0
42	6.39999999999999325E0
43	6.49999999999999289E0
44	6.59999999999999254E0
45	6.69999999999999218E0
46	6.79999999999999183E0
47	6.89999999999999147E0
48	6.99999999999999112E0
49	7.09999999999999076E0
50	7.19999999999999041E0
51	7.29999999999999005E0
52	7.39999999999998970E0
53	7.49999999999998934E0
54	7.59999999999998899E0
55	7.69999999999998863E0
56	7.79999999999998828E0
57	7.89999999999998792E0
58	7.99999999999998757E0
59	8.09999999999998721E0
60	8.19999999999998685E0
61	8.29999999999998650E0
62	8.39999999999998614E0
63	8.49999999999998579E0
64	8.59999999999998543E0
65	8.69999999999998508E0
66	8.79999999999998472E0
67	8.89999999999998437E0
68	8.99999999999998401E0
69	9.09999999999998366E0
70	9.19999999999998330E0
71	9.29999999999998295E0
72	9.39999999999998259E0
73	9.49999999999998224E0
74	9.59999999999998188E0
75	9.69999999999998153E0
76	9.79999999999998117E0
77	9.89999999999998082E0
78	9.99999999999998046E0
79	1.00999999999999801E1
80	1.01999999999999802E1
81	1.02999999999999803E1
82	1.03999999999999782E1
83	1.04999999999999782E1
84	1.05999999999999783E1
85	1.06999999999999784E1
86	1.07999999999999785E1
87	1.08999999999999764E1
88	1.09999999999999765E1
89	1.10999999999999766E1
90	1.11999999999999766E1
91	1.12999999999999767E1
92	1.13999999999999746E1
93	1.14999999999999747E1
94	1.15999999999999748E1
95	1.16999999999999749E1
96	1.17999999999999750E1
97	1.18999999999999728E1
98	1.19999999999999729E1
99	1.20999999999999730E1
100	1.21999999999999997E1


var_c	harmindex	freq[0, ::]
2.20000000000000018E0	0	0.00000000000000000E0
2.20000000000000018E0	1	2.51671627163056710E9
2.20000000000000018E0	2	5.03343254326113421E9
2.20000000000000018E0	3	7.55014881489170087E9
2.20000000000000018E0	4	1.00668650865222675E10
2.20000000000000018E0	5	1.25835813581528355E10
2.20000000000000018E0	6	1.51002976297834013E10
2.20000000000000018E0	7	1.76170139014139693E10
2.20000000000000018E0	8	2.01337301730445351E10
2.20000000000000018E0	9	2.26504464446751097E10
2.20000000000000018E0	10	2.51671627163056710E10

var_c	harmindex	freq[1, ::]
2.30000000000000027E0	0	0.00000000000000000E0
2.30000000000000027E0	1	2.51415837846184775E9
2.30000000000000027E0	2	5.02831675692369551E9
2.30000000000000027E0	3	7.54247513538554148E9
2.30000000000000027E0	4	1.00566335138473906E10
2.30000000000000027E0	5	1.25707918923092388E10
2.30000000000000027E0	6	1.50849502707710825E10
2.30000000000000027E0	7	1.75991086492329307E10
2.30000000000000027E0	8	2.01132670276947811E10
2.30000000000000027E0	9	2.26274254061566271E10
2.30000000000000027E0	10	2.51415837846184775E10

var_c	harmindex	freq[2, ::]
2.40000000000000036E0	0	0.00000000000000000E0
2.40000000000000036E0	1	2.51179513410806177E9
2.40000000000000036E0	2	5.02359026821612353E9
2.40000000000000036E0	3	7.53538540232418796E9
2.40000000000000036E0	4	1.00471805364322475E10
2.40000000000000036E0	5	1.25589756705403088E10
2.40000000000000036E0	6	1.50707708046483768E10
2.40000000000000036E0	7	1.75825659387564359E10
2.40000000000000036E0	8	2.00943610728644950E10
2.40000000000000036E0	9	2.26061562069725541E10
2.40000000000000036E0	10	2.51179513410806177E10

var_c	harmindex	freq[3, ::]
2.50000000000000044E0	0	0.00000000000000000E0
2.50000000000000044E0	1	2.50960513471996238E9
2.50000000000000044E0	2	5.01921026943992477E9
2.50000000000000044E0	3	7.52881540415988759E9
2.50000000000000044E0	4	1.00384205388798486E10
2.50000000000000044E0	5	1.25480256735998119E10
2.50000000000000044E0	6	1.50576308083197752E10
2.50000000000000044E0	7	1.75672359430397362E10
2.50000000000000044E0	8	2.00768410777596973E10
2.50000000000000044E0	9	2.25864462124796628E10
2.50000000000000044E0	10	2.50960513471996238E10

var_c	harmindex	freq[4, ::]
2.60000000000000053E0	0	0.00000000000000000E0
2.60000000000000053E0	1	2.50757000851669476E9
2.60000000000000053E0	2	5.01514001703338952E9
2.60000000000000053E0	3	7.52271002555008472E9
2.60000000000000053E0	4	1.00302800340667786E10
2.60000000000000053E0	5	1.25378500425834738E10
2.60000000000000053E0	6	1.50454200511001690E10
2.60000000000000053E0	7	1.75529900596168664E10
2.60000000000000053E0	8	2.00605600681335572E10
2.60000000000000053E0	9	2.25681300766502613E10
2.60000000000000053E0	10	2.50757000851669476E10

var_c	harmindex	freq[5, ::]
2.70000000000000062E0	0	0.00000000000000000E0
2.70000000000000062E0	1	2.50567389209753788E9
2.70000000000000062E0	2	5.01134778419507576E9
2.70000000000000062E0	3	7.51702167629261631E9
2.70000000000000062E0	4	1.00226955683901520E10
2.70000000000000062E0	5	1.25283694604876894E10
2.70000000000000062E0	6	1.50340433525852335E10
2.70000000000000062E0	7	1.75397172446827687E10
2.70000000000000062E0	8	2.00453911367803039E10
2.70000000000000062E0	9	2.25510650288778480E10
2.70000000000000062E0	10	2.50567389209753788E10

var_c	harmindex	freq[6, ::]
2.80000000000000071E0	0	0.00000000000000000E0
2.80000000000000071E0	1	2.50390301655718783E9
2.80000000000000071E0	2	5.00780603311437567E9
2.80000000000000071E0	3	7.51170904967156350E9
2.80000000000000071E0	4	1.00156120662287518E10
2.80000000000000071E0	5	1.25195150827859392E10
2.80000000000000071E0	6	1.50234180993431266E10
2.80000000000000071E0	7	1.75273211159003095E10
2.80000000000000071E0	8	2.00312241324575036E10
2.80000000000000071E0	9	2.25351271490146887E10
2.80000000000000071E0	10	2.50390301655718783E10

var_c	harmindex	freq[7, ::]
2.90000000000000080E0	0	0.00000000000000000E0
2.90000000000000080E0	1	2.50224537292182259E9
2.90000000000000080E0	2	5.00449074584364517E9
2.90000000000000080E0	3	7.50673611876546953E9
2.90000000000000080E0	4	1.00089814916872899E10
2.90000000000000080E0	5	1.25112268646091129E10
2.90000000000000080E0	6	1.50134722375309382E10
2.90000000000000080E0	7	1.75157176104527634E10
2.90000000000000080E0	8	2.00179629833745798E10
2.90000000000000080E0	9	2.25202083562964006E10
2.90000000000000080E0	10	2.50224537292182259E10

var_c	harmindex	freq[8, ::]
3.00000000000000089E0	0	0.00000000000000000E0
3.00000000000000089E0	1	2.50069043971272853E9
3.00000000000000089E0	2	5.00138087942545706E9
3.00000000000000089E0	3	7.50207131913818603E9
3.00000000000000089E0	4	1.00027617588509132E10
3.00000000000000089E0	5	1.25034521985636426E10
3.00000000000000089E0	6	1.50041426382763721E10
3.00000000000000089E0	7	1.75048330779891037E10
3.00000000000000089E0	8	2.00055235177018265E10
3.00000000000000089E0	9	2.25062139574145625E10
3.00000000000000089E0	10	2.50069043971272853E10

var_c	harmindex	freq[9, ::]
3.10000000000000098E0	0	0.00000000000000000E0
3.10000000000000098E0	1	2.49922895959067715E9
3.10000000000000098E0	2	4.99845791918135429E9
3.10000000000000098E0	3	7.49768687877203188E9
3.10000000000000098E0	4	9.99691583836270858E9
3.10000000000000098E0	5	1.24961447979533880E10
3.10000000000000098E0	6	1.49953737575440638E10
3.10000000000000098E0	7	1.74946027171347462E10
3.10000000000000098E0	8	1.99938316767254176E10
3.10000000000000098E0	9	2.24930606363160956E10
3.10000000000000098E0	10	2.49922895959067759E10

var_c	harmindex	freq[10, ::]
3.20000000000000107E0	0	0.00000000000000000E0
3.20000000000000107E0	1	2.49785275506607807E9
3.20000000000000107E0	2	4.99570551013215614E9
3.20000000000000107E0	3	7.49355826519823420E9
3.20000000000000107E0	4	9.99141102026431227E9
3.20000000000000107E0	5	1.24892637753303903E10
3.20000000000000107E0	6	1.49871165303964693E10
3.20000000000000107E0	7	1.74849692854625438E10
3.20000000000000107E0	8	1.99828220405286250E10
3.20000000000000107E0	9	2.24806747955947017E10
3.20000000000000107E0	10	2.49785275506607807E10

var_c	harmindex	freq[11, ::]
3.30000000000000115E0	0	0.00000000000000000E0
3.30000000000000115E0	1	2.49655457553075077E9
3.30000000000000115E0	2	4.99310915106150155E9
3.30000000000000115E0	3	7.48966372659225232E9
3.30000000000000115E0	4	9.98621830212300310E9
3.30000000000000115E0	5	1.24827728776537539E10
3.30000000000000115E0	6	1.49793274531845055E10
3.30000000000000115E0	7	1.74758820287152550E10
3.30000000000000115E0	8	1.99724366042460066E10
3.30000000000000115E0	9	2.24689911797767561E10
3.30000000000000115E0	10	2.49655457553075077E10

var_c	harmindex	freq[12, ::]
3.40000000000000124E0	0	0.00000000000000000E0
3.40000000000000124E0	1	2.49532796957334835E9
3.40000000000000124E0	2	4.99065593914669670E9
3.40000000000000124E0	3	7.48598390872004682E9
3.40000000000000124E0	4	9.98131187829339339E9
3.40000000000000124E0	5	1.24766398478667462E10
3.40000000000000124E0	6	1.49719678174400928E10
3.40000000000000124E0	7	1.74672957870134415E10
3.40000000000000124E0	8	1.99626237565867859E10
3.40000000000000124E0	9	2.24579517261601369E10
3.40000000000000124E0	10	2.49532796957334924E10

var_c	harmindex	freq[13, ::]
3.50000000000000133E0	0	0.00000000000000000E0
3.50000000000000133E0	1	2.49416717783283737E9
3.50000000000000133E0	2	4.98833435566567474E9
3.50000000000000133E0	3	7.48250153349850944E9
3.50000000000000133E0	4	9.97666871133134947E9
3.50000000000000133E0	5	1.24708358891641868E10
3.50000000000000133E0	6	1.49650030669970180E10
3.50000000000000133E0	7	1.74591702448298536E10
3.50000000000000133E0	8	1.99533374226626981E10
3.50000000000000133E0	9	2.24475046004955292E10
3.50000000000000133E0	10	2.49416717783283737E10

var_c	harmindex	freq[14, ::]
3.60000000000000142E0	0	0.00000000000000000E0
3.60000000000000142E0	1	2.49306704263851708E9
3.60000000000000142E0	2	4.98613408527703417E9
3.60000000000000142E0	3	7.47920112791555347E9
3.60000000000000142E0	4	9.97226817055406833E9
3.60000000000000142E0	5	1.24653352131925854E10
3.60000000000000142E0	6	1.49584022558311069E10
3.60000000000000142E0	7	1.74514692984696262E10
3.60000000000000142E0	8	1.99445363411081367E10
3.60000000000000142E0	9	2.24376033837466560E10
3.60000000000000142E0	10	2.49306704263851708E10

var_c	harmindex	freq[15, ::]
3.70000000000000151E0	0	0.00000000000000000E0
3.70000000000000151E0	1	2.49202293144463249E9
3.70000000000000151E0	2	4.98404586288926499E9
3.70000000000000151E0	3	7.47606879433389970E9
3.70000000000000151E0	4	9.96809172577852998E9
3.70000000000000151E0	5	1.24601146572231625E10
3.70000000000000151E0	6	1.49521375886677999E10
3.70000000000000151E0	7	1.74441605201124328E10
3.70000000000000151E0	8	1.99361834515570591E10
3.70000000000000151E0	9	2.24282063830017009E10
3.70000000000000151E0	10	2.49202293144463249E10

var_c	harmindex	freq[16, ::]
3.80000000000000160E0	0	0.00000000000000000E0
3.80000000000000160E0	1	2.49103067166668701E9
3.80000000000000160E0	2	4.98206134333337403E9
3.80000000000000160E0	3	7.47309201500006015E9
3.80000000000000160E0	4	9.96412268666674805E9
3.80000000000000160E0	5	1.24551533583334373E10
3.80000000000000160E0	6	1.49461840300001203E10
3.80000000000000160E0	7	1.74372147016668100E10
3.80000000000000160E0	8	1.99282453733334952E10
3.80000000000000160E0	9	2.24192760450001893E10
3.80000000000000160E0	10	2.49103067166668746E10

var_c	harmindex	freq[17, ::]
3.90000000000000169E0	0	0.00000000000000000E0
3.90000000000000169E0	1	2.49008649498433154E9
3.90000000000000169E0	2	4.98017298996866309E9
3.90000000000000169E0	3	7.47025948495299552E9
3.90000000000000169E0	4	9.96034597993732618E9
3.90000000000000169E0	5	1.24504324749216577E10
3.90000000000000169E0	6	1.49405189699059915E10
3.90000000000000169E0	7	1.74306054648903275E10
3.90000000000000169E0	8	1.99206919598746524E10
3.90000000000000169E0	9	2.24107784548589795E10
3.90000000000000169E0	10	2.49008649498433154E10

var_c	harmindex	freq[18, ::]
4.00000000000000178E0	0	0.00000000000000000E0
4.00000000000000178E0	1	2.48918698954526763E9
4.00000000000000178E0	2	4.97837397909053525E9
4.00000000000000178E0	3	7.46756096863580332E9
4.00000000000000178E0	4	9.95674795818107050E9
4.00000000000000178E0	5	1.24459349477263403E10
4.00000000000000178E0	6	1.49351219372716071E10
4.00000000000000178E0	7	1.74243089268168694E10
4.00000000000000178E0	8	1.99134959163621406E10
4.00000000000000178E0	9	2.24026829059074162E10
4.00000000000000178E0	10	2.48918698954526807E10

var_c	harmindex	freq[19, ::]
4.10000000000000142E0	0	0.00000000000000000E0
4.10000000000000142E0	1	2.48832905879356003E9
4.10000000000000142E0	2	4.97665811758712007E9
4.10000000000000142E0	3	7.46498717638068321E9
4.10000000000000142E0	4	9.95331623517424013E9
4.10000000000000142E0	5	1.24416452939678002E10
4.10000000000000142E0	6	1.49299743527613660E10
4.10000000000000142E0	7	1.74183034115549229E10
4.10000000000000142E0	8	1.99066324703484798E10
4.10000000000000142E0	9	2.23949615291420434E10
4.10000000000000142E0	10	2.48832905879356003E10

var_c	harmindex	freq[20, ::]
4.20000000000000107E0	0	0.00000000000000000E0
4.20000000000000107E0	1	2.48750988587424082E9
4.20000000000000107E0	2	4.97501977174848165E9
4.20000000000000107E0	3	7.46252965762272158E9
4.20000000000000107E0	4	9.95003954349696329E9
4.20000000000000107E0	5	1.24375494293711997E10
4.20000000000000107E0	6	1.49250593152454436E10
4.20000000000000107E0	7	1.74125692011196831E10
4.20000000000000107E0	8	1.99000790869939270E10
4.20000000000000107E0	9	2.23875889728681665E10
4.20000000000000107E0	10	2.48750988587423993E10

var_c	harmindex	freq[21, ::]
4.30000000000000071E0	0	0.00000000000000000E0
4.30000000000000071E0	1	2.48672690275376862E9
4.30000000000000071E0	2	4.97345380550753724E9
4.30000000000000071E0	3	7.46018070826130764E9
4.30000000000000071E0	4	9.94690761101507448E9
4.30000000000000071E0	5	1.24336345137688431E10
4.30000000000000071E0	6	1.49203614165226162E10
4.30000000000000071E0	7	1.74070883192763826E10
4.30000000000000071E0	8	1.98938152220301490E10
4.30000000000000071E0	9	2.23805421247839220E10
4.30000000000000071E0	10	2.48672690275376862E10

var_c	harmindex	freq[22, ::]
4.40000000000000036E0	0	0.00000000000000000E0
4.40000000000000036E0	1	2.48597776334244802E9
4.40000000000000036E0	2	4.97195552668489604E9
4.40000000000000036E0	3	7.45793329002734584E9
4.40000000000000036E0	4	9.94391105336979209E9
4.40000000000000036E0	5	1.24298888167122401E10
4.40000000000000036E0	6	1.49158665800546908E10
4.40000000000000036E0	7	1.74018443433971326E10
4.40000000000000036E0	8	1.98878221067395833E10
4.40000000000000036E0	9	2.23737998700820295E10
4.40000000000000036E0	10	2.48597776334244802E10

var_c	harmindex	freq[23, ::]
4.50000000000000000E0	0	0.00000000000000000E0
4.50000000000000000E0	1	2.48526032002673736E9
4.50000000000000000E0	2	4.97052064005347471E9
4.50000000000000000E0	3	7.45578096008021340E9
4.50000000000000000E0	4	9.94104128010694943E9
4.50000000000000000E0	5	1.24263016001336868E10
4.50000000000000000E0	6	1.49115619201604277E10
4.50000000000000000E0	7	1.73968222401871619E10
4.50000000000000000E0	8	1.98820825602138984E10
4.50000000000000000E0	9	2.23673428802406393E10
4.50000000000000000E0	10	2.48526032002673736E10

var_c	harmindex	freq[24, ::]
4.59999999999999964E0	0	0.00000000000000000E0
4.59999999999999964E0	1	2.48457260311766692E9
4.59999999999999964E0	2	4.96914520623533384E9
4.59999999999999964E0	3	7.45371780935300166E9
4.59999999999999964E0	4	9.93829041247066769E9
4.59999999999999964E0	5	1.24228630155883346E10
4.59999999999999964E0	6	1.49074356187060042E10
4.59999999999999964E0	7	1.73920082218236693E10
4.59999999999999964E0	8	1.98765808249413345E10
4.59999999999999964E0	9	2.23611534280589996E10
4.59999999999999964E0	10	2.48457260311766692E10

var_c	harmindex	freq[25, ::]
4.69999999999999929E0	0	0.00000000000000000E0
4.69999999999999929E0	1	2.48391280280047866E9
4.69999999999999929E0	2	4.96782560560095732E9
4.69999999999999929E0	3	7.45173840840143686E9
4.69999999999999929E0	4	9.93565121120191463E9
4.69999999999999929E0	5	1.24195640140023933E10
4.69999999999999929E0	6	1.49034768168028742E10
4.69999999999999929E0	7	1.73873896196033506E10
4.69999999999999929E0	8	1.98713024224038293E10
4.69999999999999929E0	9	2.23552152252043124E10
4.69999999999999929E0	10	2.48391280280047866E10

var_c	harmindex	freq[26, ::]
4.79999999999999893E0	0	0.00000000000000000E0
4.79999999999999893E0	1	2.48327925323820686E9
4.79999999999999893E0	2	4.96655850647641373E9
4.79999999999999893E0	3	7.44983775971462059E9
4.79999999999999893E0	4	9.93311701295282745E9
4.79999999999999893E0	5	1.24163962661910343E10
4.79999999999999893E0	6	1.48996755194292407E10
4.79999999999999893E0	7	1.73829547726674494E10
4.79999999999999893E0	8	1.98662340259056558E10
4.79999999999999893E0	9	2.23495132791438555E10
4.79999999999999893E0	10	2.48327925323820686E10

var_c	harmindex	freq[27, ::]
4.89999999999999858E0	0	0.00000000000000000E0
4.89999999999999858E0	1	2.48267041853446901E9
4.89999999999999858E0	2	4.96534083706893803E9
4.89999999999999858E0	3	7.44801125560340616E9
4.89999999999999858E0	4	9.93068167413787606E9
4.89999999999999858E0	5	1.24133520926723451E10
4.89999999999999858E0	6	1.48960225112068123E10
4.89999999999999858E0	7	1.73786929297412773E10
4.89999999999999858E0	8	1.98613633482757512E10
4.89999999999999858E0	9	2.23440337668102185E10
4.89999999999999858E0	10	2.48267041853446901E10

var_c	harmindex	freq[28, ::]
4.99999999999999822E0	0	0.00000000000000000E0
4.99999999999999822E0	1	2.48208488030736962E9
4.99999999999999822E0	2	4.96416976061473925E9
4.99999999999999822E0	3	7.44625464092211065E9
4.99999999999999822E0	4	9.92833952122947849E9
4.99999999999999822E0	5	1.24104244015368481E10
4.99999999999999822E0	6	1.48925092818442217E10
4.99999999999999822E0	7	1.73745941621515887E10
4.99999999999999822E0	8	1.98566790424589579E10
4.99999999999999822E0	9	2.23387639227663248E10
4.99999999999999822E0	10	2.48208488030736962E10

var_c	harmindex	freq[29, ::]
5.09999999999999787E0	0	0.00000000000000000E0
5.09999999999999787E0	1	2.48152132666211456E9
5.09999999999999787E0	2	4.96304265332422911E9
5.09999999999999787E0	3	7.44456397998634145E9
5.09999999999999787E0	4	9.92608530664845823E9
5.09999999999999787E0	5	1.24076066333105728E10
5.09999999999999787E0	6	1.48891279599726833E10
5.09999999999999787E0	7	1.73706492866347939E10
5.09999999999999787E0	8	1.98521706132969156E10
5.09999999999999787E0	9	2.23336919399590306E10
5.09999999999999787E0	10	2.48152132666211456E10

var_c	harmindex	freq[30, ::]
5.19999999999999751E0	0	0.00000000000000000E0
5.19999999999999751E0	1	2.48097854238277327E9
5.19999999999999751E0	2	4.96195708476554653E9
5.19999999999999751E0	3	7.44293562714832113E9
5.19999999999999751E0	4	9.92391416953109307E9
5.19999999999999751E0	5	1.24048927119138663E10
5.19999999999999751E0	6	1.48858712542966432E10
5.19999999999999751E0	7	1.73668497966794178E10
5.19999999999999751E0	8	1.98478283390621857E10
5.19999999999999751E0	9	2.23288068814449625E10
5.19999999999999751E0	10	2.48097854238277327E10

var_c	harmindex	freq[31, ::]
5.29999999999999716E0	0	0.00000000000000000E0
5.29999999999999716E0	1	2.48045540018809474E9
5.29999999999999716E0	2	4.96091080037618948E9
5.29999999999999716E0	3	7.44136620056428200E9
5.29999999999999716E0	4	9.92182160075237896E9
5.29999999999999716E0	5	1.24022770009404715E10
5.29999999999999716E0	6	1.48827324011285644E10
5.29999999999999716E0	7	1.73631878013166618E10
5.29999999999999716E0	8	1.98436432015047570E10
5.29999999999999716E0	9	2.23240986016928478E10
5.29999999999999716E0	10	2.48045540018809429E10

var_c	harmindex	freq[32, ::]
5.39999999999999680E0	0	0.00000000000000000E0
5.39999999999999680E0	1	2.47995085291974160E9
5.39999999999999680E0	2	4.95990170583948320E9
5.39999999999999680E0	3	7.43985255875922746E9
5.39999999999999680E0	4	9.91980341167896640E9
5.39999999999999680E0	5	1.23997542645987080E10
5.39999999999999680E0	6	1.48797051175184558E10
5.39999999999999680E0	7	1.73596559704382036E10
5.39999999999999680E0	8	1.98396068233579337E10
5.39999999999999680E0	9	2.23195576762776771E10
5.39999999999999680E0	10	2.47995085291974160E10

var_c	harmindex	freq[33, ::]
5.49999999999999645E0	0	0.00000000000000000E0
5.49999999999999645E0	1	2.47946392654847436E9
5.49999999999999645E0	2	4.95892785309694872E9
5.49999999999999645E0	3	7.43839177964542397E9
5.49999999999999645E0	4	9.91785570619389745E9
5.49999999999999645E0	5	1.23973196327423718E10
5.49999999999999645E0	6	1.48767835592908471E10
5.49999999999999645E0	7	1.73562474858393223E10
5.49999999999999645E0	8	1.98357114123877953E10
5.49999999999999645E0	9	2.23151753389362639E10
5.49999999999999645E0	10	2.47946392654847436E10

var_c	harmindex	freq[34, ::]
5.59999999999999609E0	0	0.00000000000000000E0
5.59999999999999609E0	1	2.47899371390044232E9
5.59999999999999609E0	2	4.95798742780088464E9
5.59999999999999609E0	3	7.43698114170132651E9
5.59999999999999609E0	4	9.91597485560176928E9
5.59999999999999609E0	5	1.23949685695022116E10
5.59999999999999609E0	6	1.48739622834026530E10
5.59999999999999609E0	7	1.73529559973030989E10
5.59999999999999609E0	8	1.98319497112035381E10
5.59999999999999609E0	9	2.23109434251039840E10
5.59999999999999609E0	10	2.47899371390044232E10

var_c	harmindex	freq[35, ::]
5.69999999999999574E0	0	0.00000000000000000E0
5.69999999999999574E0	1	2.47853936901831418E9
5.69999999999999574E0	2	4.95707873803662835E9
5.69999999999999574E0	3	7.43561810705494075E9
5.69999999999999574E0	4	9.91415747607325670E9
5.69999999999999574E0	5	1.23926968450915664E10
5.69999999999999574E0	6	1.48712362141098819E10
5.69999999999999574E0	7	1.73497755831281952E10
5.69999999999999574E0	8	1.98283149521465130E10
5.69999999999999574E0	9	2.23068543211648240E10
5.69999999999999574E0	10	2.47853936901831329E10

var_c	harmindex	freq[36, ::]
5.79999999999999538E0	0	0.00000000000000000E0
5.79999999999999538E0	1	2.47810010208361842E9
5.79999999999999538E0	2	4.95620020416723683E9
5.79999999999999538E0	3	7.43430030625085614E9
5.79999999999999538E0	4	9.91240040833447367E9
5.79999999999999538E0	5	1.23905005104180921E10
5.79999999999999538E0	6	1.48686006125017123E10
5.79999999999999538E0	7	1.73467007145853347E10
5.79999999999999538E0	8	1.98248008166689482E10
5.79999999999999538E0	9	2.23029009187525684E10
5.79999999999999538E0	10	2.47810010208361842E10

var_c	harmindex	freq[37, ::]
5.89999999999999503E0	0	0.00000000000000000E0
5.89999999999999503E0	1	2.47767517483627042E9
5.89999999999999503E0	2	4.95535034967254084E9
5.89999999999999503E0	3	7.43302552450881393E9
5.89999999999999503E0	4	9.91070069934508169E9
5.89999999999999503E0	5	1.23883758741813521E10
5.89999999999999503E0	6	1.48660510490176279E10
5.89999999999999503E0	7	1.73437262238538947E10
5.89999999999999503E0	8	1.98214013986901638E10
5.89999999999999503E0	9	2.22990765735264329E10
5.89999999999999503E0	10	2.47767517483627042E10

var_c	harmindex	freq[38, ::]
5.99999999999999467E0	0	0.00000000000000000E0
5.99999999999999467E0	1	2.47726389643533995E9
5.99999999999999467E0	2	4.95452779287067990E9
5.99999999999999467E0	3	7.43179168930601897E9
5.99999999999999467E0	4	9.90905558574135981E9
5.99999999999999467E0	5	1.23863194821766998E10
5.99999999999999467E0	6	1.48635833786120375E10
5.99999999999999467E0	7	1.73408472750473797E10
5.99999999999999467E0	8	1.98181111714827196E10
5.99999999999999467E0	9	2.22953750679180596E10
5.99999999999999467E0	10	2.47726389643533995E10

var_c	harmindex	freq[39, ::]
6.09999999999999432E0	0	0.00000000000000000E0
6.09999999999999432E0	1	2.47686561971218389E9
6.09999999999999432E0	2	4.95373123942436777E9
6.09999999999999432E0	3	7.43059685913654988E9
6.09999999999999432E0	4	9.90746247884873554E9
6.09999999999999432E0	5	1.23843280985609194E10
6.09999999999999432E0	6	1.48611937182731002E10
6.09999999999999432E0	7	1.73380593379852899E10
6.09999999999999432E0	8	1.98149249576974706E10
6.09999999999999432E0	9	2.22917905774096559E10
6.09999999999999432E0	10	2.47686561971218389E10

var_c	harmindex	freq[40, ::]
6.19999999999999396E0	0	0.00000000000000000E0
6.19999999999999396E0	1	2.47647973777342179E9
6.19999999999999396E0	2	4.95295947554684357E9
6.19999999999999396E0	3	7.42943921332026669E9
6.19999999999999396E0	4	9.90591895109368714E9
6.19999999999999396E0	5	1.23823986888671089E10
6.19999999999999396E0	6	1.48588784266405338E10
6.19999999999999396E0	7	1.73353581644139543E10
6.19999999999999396E0	8	1.98118379021873747E10
6.19999999999999396E0	9	2.22883176399607974E10
6.19999999999999396E0	10	2.47647973777342179E10

var_c	harmindex	freq[41, ::]
6.29999999999999361E0	0	0.00000000000000000E0
6.29999999999999361E0	1	2.47610568091603245E9
6.29999999999999361E0	2	4.95221136183206490E9
6.29999999999999361E0	3	7.42831704274809645E9
6.29999999999999361E0	4	9.90442272366412979E9
6.29999999999999361E0	5	1.23805284045801578E10
6.29999999999999361E0	6	1.48566340854961920E10
6.29999999999999361E0	7	1.73327397664122285E10
6.29999999999999361E0	8	1.98088454473282605E10
6.29999999999999361E0	9	2.22849511282442947E10
6.29999999999999361E0	10	2.47610568091603156E10

var_c	harmindex	freq[42, ::]
6.39999999999999325E0	0	0.00000000000000000E0
6.39999999999999325E0	1	2.47574291382171641E9
6.39999999999999325E0	2	4.95148582764343281E9
6.39999999999999325E0	3	7.42722874146514833E9
6.39999999999999325E0	4	9.90297165528686563E9
6.39999999999999325E0	5	1.23787145691085776E10
6.39999999999999325E0	6	1.48544574829302967E10
6.39999999999999325E0	7	1.73302003967520113E10
6.39999999999999325E0	8	1.98059433105737304E10
6.39999999999999325E0	9	2.22816862243954450E10
6.39999999999999325E0	10	2.47574291382171552E10

var_c	harmindex	freq[43, ::]
6.49999999999999289E0	0	0.00000000000000000E0
6.49999999999999289E0	1	2.47539093300150359E9
6.49999999999999289E0	2	4.95078186600300718E9
6.49999999999999289E0	3	7.42617279900450988E9
6.49999999999999289E0	4	9.90156373200601436E9
6.49999999999999289E0	5	1.23769546650075180E10
6.49999999999999289E0	6	1.48523455980090202E10
6.49999999999999289E0	7	1.73277365310105269E10
6.49999999999999289E0	8	1.98031274640120292E10
6.49999999999999289E0	9	2.22785183970135314E10
6.49999999999999289E0	10	2.47539093300150359E10

var_c	harmindex	freq[44, ::]
6.59999999999999254E0	0	0.00000000000000000E0
6.59999999999999254E0	1	2.47504926335445896E9
6.59999999999999254E0	2	4.95009852670891792E9
6.59999999999999254E0	3	7.42514779006337466E9
6.59999999999999254E0	4	9.90019705341783585E9
6.59999999999999254E0	5	1.23752463167722948E10
6.59999999999999254E0	6	1.48502955801267489E10
6.59999999999999254E0	7	1.73253448434812118E10
6.59999999999999254E0	8	1.98003941068356726E10
6.59999999999999254E0	9	2.22754433701901267E10
6.59999999999999254E0	10	2.47504926335445896E10

var_c	harmindex	freq[45, ::]
6.69999999999999218E0	0	0.00000000000000000E0
6.69999999999999218E0	1	2.47471746055839237E9
6.69999999999999218E0	2	4.94943492111678474E9
6.69999999999999218E0	3	7.42415238167517533E9
6.69999999999999218E0	4	9.89886984223356947E9
6.69999999999999218E0	5	1.23735873027919618E10
6.69999999999999218E0	6	1.48483047633503507E10
6.69999999999999218E0	7	1.73230222239087439E10
6.69999999999999218E0	8	1.97977396844671394E10
6.69999999999999218E0	9	2.22724571450255260E10
6.69999999999999218E0	10	2.47471746055839237E10

var_c	harmindex	freq[46, ::]
6.79999999999999183E0	0	0.00000000000000000E0
6.79999999999999183E0	1	2.47439510221979386E9
6.79999999999999183E0	2	4.94879020443958773E9
6.79999999999999183E0	3	7.42318530665937981E9
6.79999999999999183E0	4	9.89758040887917545E9
6.79999999999999183E0	5	1.23719755110989693E10
6.79999999999999183E0	6	1.48463706133187601E10
6.79999999999999183E0	7	1.73207657155385530E10
6.79999999999999183E0	8	1.97951608177583505E10
6.79999999999999183E0	9	2.22695559199781501E10
6.79999999999999183E0	10	2.47439510221979386E10

var_c	harmindex	freq[47, ::]
6.89999999999999147E0	0	0.00000000000000000E0
6.89999999999999147E0	1	2.47408179077819756E9
6.89999999999999147E0	2	4.94816358155639513E9
6.89999999999999147E0	3	7.42224537233459181E9
6.89999999999999147E0	4	9.89632716311279026E9
6.89999999999999147E0	5	1.23704089538909878E10
6.89999999999999147E0	6	1.48444907446691832E10
6.89999999999999147E0	7	1.73185725354473807E10
6.89999999999999147E0	8	1.97926543262255805E10
6.89999999999999147E0	9	2.22667361170037736E10
6.89999999999999147E0	10	2.47408179077819756E10

var_c	harmindex	freq[48, ::]
6.99999999999999112E0	0	0.00000000000000000E0
6.99999999999999112E0	1	2.47377715067816073E9
6.99999999999999112E0	2	4.94755430135632146E9
6.99999999999999112E0	3	7.42133145203448130E9
6.99999999999999112E0	4	9.89510860271264292E9
6.99999999999999112E0	5	1.23688857533908037E10
6.99999999999999112E0	6	1.48426629040689617E10
6.99999999999999112E0	7	1.73164400547471220E10
6.99999999999999112E0	8	1.97902172054252867E10
6.99999999999999112E0	9	2.22639943561034537E10
6.99999999999999112E0	10	2.47377715067816073E10

var_c	harmindex	freq[49, ::]
7.09999999999999076E0	0	0.00000000000000000E0
7.09999999999999076E0	1	2.47348082686559945E9
7.09999999999999076E0	2	4.94696165373119889E9
7.09999999999999076E0	3	7.42044248059679923E9
7.09999999999999076E0	4	9.89392330746239779E9
7.09999999999999076E0	5	1.23674041343279972E10
7.09999999999999076E0	6	1.48408849611935989E10
7.09999999999999076E0	7	1.73143657880591983E10
7.09999999999999076E0	8	1.97878466149247956E10
7.09999999999999076E0	9	2.22613274417903906E10
7.09999999999999076E0	10	2.47348082686559945E10

var_c	harmindex	freq[50, ::]
7.19999999999999041E0	0	0.00000000000000000E0
7.19999999999999041E0	1	2.47319248340810205E9
7.19999999999999041E0	2	4.94638496681620410E9
7.19999999999999041E0	3	7.41957745022430792E9
7.19999999999999041E0	4	9.89276993363240820E9
7.19999999999999041E0	5	1.23659624170405102E10
7.19999999999999041E0	6	1.48391549004486167E10
7.19999999999999041E0	7	1.73123473838567188E10
7.19999999999999041E0	8	1.97855398672648164E10
7.19999999999999041E0	9	2.22587323506729229E10
7.19999999999999041E0	10	2.47319248340810205E10

var_c	harmindex	freq[51, ::]
7.29999999999999005E0	0	0.00000000000000000E0
7.29999999999999005E0	1	2.47291180222563600E9
7.29999999999999005E0	2	4.94582360445127200E9
7.29999999999999005E0	3	7.41873540667690889E9
7.29999999999999005E0	4	9.89164720890254401E9
7.29999999999999005E0	5	1.23645590111281822E10
7.29999999999999005E0	6	1.48374708133538169E10
7.29999999999999005E0	7	1.73103826155794494E10
7.29999999999999005E0	8	1.97832944178050885E10
7.29999999999999005E0	9	2.22562062200307320E10
7.29999999999999005E0	10	2.47291180222563645E10

var_c	harmindex	freq[52, ::]
7.39999999999998970E0	0	0.00000000000000000E0
7.39999999999998970E0	1	2.47263848191903746E9
7.39999999999998970E0	2	4.94527696383807491E9
7.39999999999998970E0	3	7.41791544575711459E9
7.39999999999998970E0	4	9.89055392767614983E9
7.39999999999998970E0	5	1.23631924095951873E10
7.39999999999998970E0	6	1.48358308915142301E10
7.39999999999998970E0	7	1.73084693734332662E10
7.39999999999998970E0	8	1.97811078553523001E10
7.39999999999998970E0	9	2.22537463372713429E10
7.39999999999998970E0	10	2.47263848191903746E10

var_c	harmindex	freq[53, ::]
7.49999999999998934E0	0	0.00000000000000000E0
7.49999999999998934E0	1	2.47237223669216011E9
7.49999999999998934E0	2	4.94474447338432022E9
7.49999999999998934E0	3	7.41711671007647766E9
7.49999999999998934E0	4	9.88948894676864043E9
7.49999999999998934E0	5	1.23618611834607917E10
7.49999999999998934E0	6	1.48342334201529558E10
7.49999999999998934E0	7	1.73066056568451065E10
7.49999999999998934E0	8	1.97789778935372818E10
7.49999999999998934E0	9	2.22513501302294348E10
7.49999999999998934E0	10	2.47237223669215833E10

var_c	harmindex	freq[54, ::]
7.59999999999998899E0	0	0.00000000000000000E0
7.59999999999998899E0	1	2.47211279535338635E9
7.59999999999998899E0	2	4.94422559070677270E9
7.59999999999998899E0	3	7.41633838606015861E9
7.59999999999998899E0	4	9.88845118141354540E9
7.59999999999998899E0	5	1.23605639767669295E10
7.59999999999998899E0	6	1.48326767721203168E10
7.59999999999998899E0	7	1.73047895674737018E10
7.59999999999998899E0	8	1.97769023628270912E10
7.59999999999998899E0	9	2.22490151581804740E10
7.59999999999998899E0	10	2.47211279535338591E10

var_c	harmindex	freq[55, ::]
7.69999999999998863E0	0	0.00000000000000000E0
7.69999999999998863E0	1	2.47185990039585324E9
7.69999999999998863E0	2	4.94371980079170648E9
7.69999999999998863E0	3	7.41557970118755883E9
7.69999999999998863E0	4	9.88743960158341295E9
7.69999999999998863E0	5	1.23592995019792662E10
7.69999999999998863E0	6	1.48311594023751181E10
7.69999999999998863E0	7	1.73030193027709700E10
7.69999999999998863E0	8	1.97748792031668263E10
7.69999999999998863E0	9	2.22467391035626694E10
7.69999999999998863E0	10	2.47185990039585324E10

var_c	harmindex	freq[56, ::]
7.79999999999998828E0	0	0.00000000000000000E0
7.79999999999998828E0	1	2.47161330714535765E9
7.79999999999998828E0	2	4.94322661429071530E9
7.79999999999998828E0	3	7.41483992143607473E9
7.79999999999998828E0	4	9.88645322858143061E9
7.79999999999998828E0	5	1.23580665357267883E10
7.79999999999998828E0	6	1.48296798428721499E10
7.79999999999998828E0	7	1.73012931500175116E10
7.79999999999998828E0	8	1.97729064571628621E10
7.79999999999998828E0	9	2.22445197643082171E10
7.79999999999998828E0	10	2.47161330714535765E10

var_c	harmindex	freq[57, ::]
7.89999999999998792E0	0	0.00000000000000000E0
7.89999999999998792E0	1	2.47137278296952534E9
7.89999999999998792E0	2	4.94274556593905068E9
7.89999999999998792E0	3	7.41411834890857602E9
7.89999999999998792E0	4	9.88549113187810136E9
7.89999999999998792E0	5	1.23568639148476267E10
7.89999999999998792E0	6	1.48282366978171520E10
7.89999999999998792E0	7	1.72996094807866774E10
7.89999999999998792E0	8	1.97709822637562027E10
7.89999999999998792E0	9	2.22423550467257281E10
7.89999999999998792E0	10	2.47137278296952534E10

var_c	harmindex	freq[58, ::]
7.99999999999998757E0	0	0.00000000000000000E0
7.99999999999998757E0	1	2.47113810654657806E9
7.99999999999998757E0	2	4.94227621309315612E9
7.99999999999998757E0	3	7.41341431963973285E9
7.99999999999998757E0	4	9.88455242618631225E9
7.99999999999998757E0	5	1.23556905327328925E10
7.99999999999998757E0	6	1.48268286392794657E10
7.99999999999998757E0	7	1.72979667458260478E10
7.99999999999998757E0	8	1.97691048523726254E10
7.99999999999998757E0	9	2.22402429589192074E10
7.99999999999998757E0	10	2.47113810654657851E10

var_c	harmindex	freq[59, ::]
8.09999999999998721E0	0	0.00000000000000000E0
8.09999999999998721E0	1	2.47090906718723691E9
8.09999999999998721E0	2	4.94181813437447381E9
8.09999999999998721E0	3	7.41272720156170983E9
8.09999999999998721E0	4	9.88363626874894763E9
8.09999999999998721E0	5	1.23545453359361845E10
8.09999999999998721E0	6	1.48254544031234192E10
8.09999999999998721E0	7	1.72963634703106584E10
8.09999999999998721E0	8	1.97672725374978953E10
8.09999999999998721E0	9	2.22381816046851322E10
8.09999999999998721E0	10	2.47090906718723691E10

var_c	harmindex	freq[60, ::]
8.19999999999998685E0	0	0.00000000000000000E0
8.19999999999998685E0	1	2.47068546420184054E9
8.19999999999998685E0	2	4.94137092840368108E9
8.19999999999998685E0	3	7.41205639260552296E9
8.19999999999998685E0	4	9.88274185680736217E9
8.19999999999998685E0	5	1.23534273210092027E10
8.19999999999998685E0	6	1.48241127852110455E10
8.19999999999998685E0	7	1.72947982494128882E10
8.19999999999998685E0	8	1.97654837136147243E10
8.19999999999998685E0	9	2.22361691778165627E10
8.19999999999998685E0	10	2.47068546420184054E10

var_c	harmindex	freq[61, ::]
8.29999999999998650E0	0	0.00000000000000000E0
8.29999999999998650E0	1	2.47046710631580835E9
8.29999999999998650E0	2	4.94093421263161670E9
8.29999999999998650E0	3	7.41140131894742638E9
8.29999999999998650E0	4	9.88186842526323339E9
8.29999999999998650E0	5	1.23523355315790417E10
8.29999999999998650E0	6	1.48228026378948519E10
8.29999999999998650E0	7	1.72932697442106642E10
8.29999999999998650E0	8	1.97637368505264677E10
8.29999999999998650E0	9	2.22342039568422845E10
8.29999999999998650E0	10	2.47046710631580835E10

var_c	harmindex	freq[62, ::]
8.39999999999998614E0	0	0.00000000000000000E0
8.39999999999998614E0	1	2.47025381112322506E9
8.39999999999998614E0	2	4.94050762224645013E9
8.39999999999998614E0	3	7.41076143336967430E9
8.39999999999998614E0	4	9.88101524449290025E9
8.39999999999998614E0	5	1.23512690556161253E10
8.39999999999998614E0	6	1.48215228667393495E10
8.39999999999998614E0	7	1.72917766778625781E10
8.39999999999998614E0	8	1.97620304889858001E10
8.39999999999998614E0	9	2.22322843001090220E10
8.39999999999998614E0	10	2.47025381112322506E10

var_c	harmindex	freq[63, ::]
8.49999999999998579E0	0	0.00000000000000000E0
8.49999999999998579E0	1	2.47004540457889954E9
8.49999999999998579E0	2	4.94009080915779908E9
8.49999999999998579E0	3	7.41013621373669729E9
8.49999999999998579E0	4	9.88018161831559816E9
8.49999999999998579E0	5	1.23502270228944999E10
8.49999999999998579E0	6	1.48202724274733955E10
8.49999999999998579E0	7	1.72903178320522954E10
8.49999999999998579E0	8	1.97603632366311954E10
8.49999999999998579E0	9	2.22304086412100954E10
8.49999999999998579E0	10	2.47004540457889998E10

var_c	harmindex	freq[64, ::]
8.59999999999998543E0	0	0.00000000000000000E0
8.59999999999998543E0	1	2.46984172052429241E9
8.59999999999998543E0	2	4.93968344104858481E9
8.59999999999998543E0	3	7.40952516157287988E9
8.59999999999998543E0	4	9.87936688209716962E9
8.59999999999998543E0	5	1.23492086026214620E10
8.59999999999998543E0	6	1.48190503231457593E10
8.59999999999998543E0	7	1.72888920436700522E10
8.59999999999998543E0	8	1.97587337641943384E10
8.59999999999998543E0	9	2.22285754847186379E10
8.59999999999998543E0	10	2.46984172052429241E10

var_c	harmindex	freq[65, ::]
8.69999999999998508E0	0	0.00000000000000000E0
8.69999999999998508E0	1	2.46964260024709503E9
8.69999999999998508E0	2	4.93928520049419006E9
8.69999999999998508E0	3	7.40892780074128687E9
8.69999999999998508E0	4	9.87857040098838013E9
8.69999999999998508E0	5	1.23482130012354752E10
8.69999999999998508E0	6	1.48178556014825746E10
8.69999999999998508E0	7	1.72874982017296652E10
8.69999999999998508E0	8	1.97571408019767603E10
8.69999999999998508E0	9	2.22267834022238553E10
8.69999999999998508E0	10	2.46964260024709503E10

var_c	harmindex	freq[66, ::]
8.79999999999998472E0	0	0.00000000000000000E0
8.79999999999998472E0	1	2.46944789206675663E9
8.79999999999998472E0	2	4.93889578413351327E9
8.79999999999998472E0	3	7.40834367620027034E9
8.79999999999998472E0	4	9.87779156826702653E9
8.79999999999998472E0	5	1.23472394603337832E10
8.79999999999998472E0	6	1.48166873524005416E10
8.79999999999998472E0	7	1.72861352444672955E10
8.79999999999998472E0	8	1.97555831365340540E10
8.79999999999998472E0	9	2.22250310286008101E10
8.79999999999998472E0	10	2.46944789206675663E10

var_c	harmindex	freq[67, ::]
8.89999999999998437E0	0	0.00000000000000000E0
8.89999999999998437E0	1	2.46925745095151106E9
8.89999999999998437E0	2	4.93851490190302211E9
8.89999999999998437E0	3	7.40777235285453184E9
8.89999999999998437E0	4	9.87702980380604423E9
8.89999999999998437E0	5	1.23462872547575486E10
8.89999999999998437E0	6	1.48155447057090628E10
8.89999999999998437E0	7	1.72848021566605747E10
8.89999999999998437E0	8	1.97540596076120889E10
8.89999999999998437E0	9	2.22233170585635964E10
8.89999999999998437E0	10	2.46925745095150972E10

var_c	harmindex	freq[68, ::]
8.99999999999998401E0	0	0.00000000000000000E0
8.99999999999998401E0	1	2.46907113815619317E9
8.99999999999998401E0	2	4.93814227631238634E9
8.99999999999998401E0	3	7.40721341446857906E9
8.99999999999998401E0	4	9.87628455262477267E9
8.99999999999998401E0	5	1.23453556907809658E10
8.99999999999998401E0	6	1.48144268289371572E10
8.99999999999998401E0	7	1.72834979670933464E10
8.99999999999998401E0	8	1.97525691052495445E10
8.99999999999998401E0	9	2.22216402434057336E10
8.99999999999998401E0	10	2.46907113815619317E10

var_c	harmindex	freq[69, ::]
9.09999999999998366E0	0	0.00000000000000000E0
9.09999999999998366E0	1	2.46888882088641903E9
9.09999999999998366E0	2	4.93777764177283807E9
9.09999999999998366E0	3	7.40666646265925710E9
9.09999999999998366E0	4	9.87555528354567613E9
9.09999999999998366E0	5	1.23444441044320952E10
9.09999999999998366E0	6	1.48133329253185142E10
9.09999999999998366E0	7	1.72822217462049355E10
9.09999999999998366E0	8	1.97511105670913523E10
9.09999999999998366E0	9	2.22199993879777669E10
9.09999999999998366E0	10	2.46888882088641903E10

var_c	harmindex	freq[70, ::]
9.19999999999998330E0	0	0.00000000000000000E0
9.19999999999998330E0	1	2.46871037198310894E9
9.19999999999998330E0	2	4.93742074396621788E9
9.19999999999998330E0	3	7.40613111594932683E9
9.19999999999998330E0	4	9.87484148793243577E9
9.19999999999998330E0	5	1.23435518599155447E10
9.19999999999998330E0	6	1.48122622318986541E10
9.19999999999998330E0	7	1.72809726038817568E10
9.19999999999998330E0	8	1.97496829758648706E10
9.19999999999998330E0	9	2.22183933478479823E10
9.19999999999998330E0	10	2.46871037198310894E10

var_c	harmindex	freq[71, ::]
9.29999999999998295E0	0	0.00000000000000000E0
9.29999999999998295E0	1	2.46853566962499338E9
9.29999999999998295E0	2	4.93707133924998676E9
9.29999999999998295E0	3	7.40560700887497880E9
9.29999999999998295E0	4	9.87414267849997351E9
9.29999999999998295E0	5	1.23426783481249669E10
9.29999999999998295E0	6	1.48112140177499585E10
9.29999999999998295E0	7	1.72797496873749568E10
9.29999999999998295E0	8	1.97482853569999461E10
9.29999999999998295E0	9	2.22168210266249355E10
9.29999999999998295E0	10	2.46853566962499338E10

var_c	harmindex	freq[72, ::]
9.39999999999998259E0	0	0.00000000000000000E0
9.39999999999998259E0	1	2.46836459705386702E9
9.39999999999998259E0	2	4.93672919410773403E9
9.39999999999998259E0	3	7.40509379116160016E9
9.39999999999998259E0	4	9.87345838821546806E9
9.39999999999998259E0	5	1.23418229852693306E10
9.39999999999998259E0	6	1.48101875823231999E10
9.39999999999998259E0	7	1.72785521793770647E10
9.39999999999998259E0	8	1.97469167764309361E10
9.39999999999998259E0	9	2.22152813734847987E10
9.39999999999998259E0	10	2.46836459705386613E10

var_c	harmindex	freq[73, ::]
9.49999999999998224E0	0	0.00000000000000000E0
9.49999999999998224E0	1	2.46819704231246462E9
9.49999999999998224E0	2	4.93639408462492923E9
9.49999999999998224E0	3	7.40459112693739474E9
9.49999999999998224E0	4	9.87278816924985847E9
9.49999999999998224E0	5	1.23409852115623231E10
9.49999999999998224E0	6	1.48091822538747886E10
9.49999999999998224E0	7	1.72773792961872563E10
9.49999999999998224E0	8	1.97455763384997174E10
9.49999999999998224E0	9	2.22137733808121807E10
9.49999999999998224E0	10	2.46819704231246462E10

var_c	harmindex	freq[74, ::]
9.59999999999998188E0	0	0.00000000000000000E0
9.59999999999998188E0	1	2.46803289800076664E9
9.59999999999998188E0	2	4.93606579600153328E9
9.59999999999998188E0	3	7.40409869400229770E9
9.59999999999998188E0	4	9.87213159200306656E9
9.59999999999998188E0	5	1.23401644900038332E10
9.59999999999998188E0	6	1.48081973880045958E10
9.59999999999998188E0	7	1.72762302860053651E10
9.59999999999998188E0	8	1.97442631840061322E10
9.59999999999998188E0	9	2.22122960820068949E10
9.59999999999998188E0	10	2.46803289800076664E10

var_c	harmindex	freq[75, ::]
9.69999999999998153E0	0	0.00000000000000000E0
9.69999999999998153E0	1	2.46787206104659163E9
9.69999999999998153E0	2	4.93574412209318325E9
9.69999999999998153E0	3	7.40361618313977310E9
9.69999999999998153E0	4	9.87148824418636650E9
9.69999999999998153E0	5	1.23393603052329537E10
9.69999999999998153E0	6	1.48072323662795458E10
9.69999999999998153E0	7	1.72751044273261334E10
9.69999999999998153E0	8	1.97429764883727321E10
9.69999999999998153E0	9	2.22108485494193175E10
9.69999999999998153E0	10	2.46787206104659074E10

var_c	harmindex	freq[76, ::]
9.79999999999998117E0	0	0.00000000000000000E0
9.79999999999998117E0	1	2.46771443248982214E9
9.79999999999998117E0	2	4.93542886497964428E9
9.79999999999998117E0	3	7.40314329746946420E9
9.79999999999998117E0	4	9.87085772995928856E9
9.79999999999998117E0	5	1.23385721624491107E10
9.79999999999998117E0	6	1.48062865949389288E10
9.79999999999998117E0	7	1.72740010274287559E10
9.79999999999998117E0	8	1.97417154599185762E10
9.79999999999998117E0	9	2.22094298924083988E10
9.79999999999998117E0	10	2.46771443248982214E10

var_c	harmindex	freq[77, ::]
9.89999999999998082E0	0	0.00000000000000000E0
9.89999999999998082E0	1	2.46755991727901769E9
9.89999999999998082E0	2	4.93511983455803538E9
9.89999999999998082E0	3	7.40267975183705396E9
9.89999999999998082E0	4	9.87023966911607076E9
9.89999999999998082E0	5	1.23377995863950884E10
9.89999999999998082E0	6	1.48053595036741070E10
9.89999999999998082E0	7	1.72729194209531234E10
9.89999999999998082E0	8	1.97404793382321420E10
9.89999999999998082E0	9	2.22080392555111539E10
9.89999999999998082E0	10	2.46755991727901769E10

var_c	harmindex	freq[78, ::]
9.99999999999998046E0	0	0.00000000000000000E0
9.99999999999998046E0	1	2.46740842408081296E9
9.99999999999998046E0	2	4.93481684816162591E9
9.99999999999998046E0	3	7.40222527224243798E9
9.99999999999998046E0	4	9.86963369632325183E9
9.99999999999998046E0	5	1.23370421204040692E10
9.99999999999998046E0	6	1.48044505444848751E10
9.99999999999998046E0	7	1.72718589685656942E10
9.99999999999998046E0	8	1.97392673926465045E10
9.99999999999998046E0	9	2.22066758167273193E10
9.99999999999998046E0	10	2.46740842408081384E10

var_c	harmindex	freq[79, ::]
1.00999999999999801E1	0	0.00000000000000000E0
1.00999999999999801E1	1	2.46725986509935780E9
1.00999999999999801E1	2	4.93451973019871559E9
1.00999999999999801E1	3	7.40177959529807161E9
1.00999999999999801E1	4	9.86903946039743118E9
1.00999999999999801E1	5	1.23362993254967890E10
1.00999999999999801E1	6	1.48035591905961428E10
1.00999999999999801E1	7	1.72708190556955010E10
1.00999999999999801E1	8	1.97380789207948615E10
1.00999999999999801E1	9	2.22053387858942219E10
1.00999999999999801E1	10	2.46725986509935780E10

var_c	harmindex	freq[80, ::]
1.01999999999999802E1	0	0.00000000000000000E0
1.01999999999999802E1	1	2.46711415590722183E9
1.01999999999999802E1	2	4.93422831181444366E9
1.01999999999999802E1	3	7.40134246772166726E9
1.01999999999999802E1	4	9.86845662362888731E9
1.01999999999999802E1	5	1.23355707795361091E10
1.01999999999999802E1	6	1.48026849354433354E10
1.01999999999999802E1	7	1.72697990913505572E10
1.01999999999999802E1	8	1.97369132472577746E10
1.01999999999999802E1	9	2.22040274031649965E10
1.01999999999999802E1	10	2.46711415590722183E10

var_c	harmindex	freq[81, ::]
1.02999999999999803E1	0	0.00000000000000000E0
1.02999999999999803E1	1	2.46697121528486152E9
1.02999999999999803E1	2	4.93394243056972304E9
1.02999999999999803E1	3	7.40091364585458500E9
1.02999999999999803E1	4	9.86788486113944607E9
1.02999999999999803E1	5	1.23348560764243076E10
1.02999999999999803E1	6	1.48018272917091709E10
1.02999999999999803E1	7	1.72687985069940320E10
1.02999999999999803E1	8	1.97357697222788930E10
1.02999999999999803E1	9	2.22027409375637541E10
1.02999999999999803E1	10	2.46697121528486152E10

var_c	harmindex	freq[82, ::]
1.03999999999999782E1	0	0.00000000000000000E0
1.03999999999999782E1	1	2.46683096507023336E9
1.03999999999999782E1	2	4.93366193014046672E9
1.03999999999999782E1	3	7.40049289521070097E9
1.03999999999999782E1	4	9.86732386028093345E9
1.03999999999999782E1	5	1.23341548253511668E10
1.03999999999999782E1	6	1.48009857904214015E10
1.03999999999999782E1	7	1.72678167554916340E10
1.03999999999999782E1	8	1.97346477205618664E10
1.03999999999999782E1	9	2.22014786856321011E10
1.03999999999999782E1	10	2.46683096507023336E10

var_c	harmindex	freq[83, ::]
1.04999999999999782E1	0	0.00000000000000000E0
1.04999999999999782E1	1	2.46669333001576963E9
1.04999999999999782E1	2	4.93338666003153925E9
1.04999999999999782E1	3	7.40007999004730799E9
1.04999999999999782E1	4	9.86677332006307850E9
1.04999999999999782E1	5	1.23334666500788437E10
1.04999999999999782E1	6	1.48001599800946160E10
1.04999999999999782E1	7	1.72668533101103838E10
1.04999999999999782E1	8	1.97335466401261561E10
1.04999999999999782E1	9	2.22002399701419240E10
1.04999999999999782E1	10	2.46669333001576874E10

var_c	harmindex	freq[84, ::]
1.05999999999999783E1	0	0.00000000000000000E0
1.05999999999999783E1	1	2.46655823765422610E9
1.05999999999999783E1	2	4.93311647530845221E9
1.05999999999999783E1	3	7.39967471296268009E9
1.05999999999999783E1	4	9.86623295061690442E9
1.05999999999999783E1	5	1.23327911882711305E10
1.05999999999999783E1	6	1.47993494259253611E10
1.05999999999999783E1	7	1.72659076635795894E10
1.05999999999999783E1	8	1.97324659012338088E10
1.05999999999999783E1	9	2.21990241388880349E10
1.05999999999999783E1	10	2.46655823765422610E10

var_c	harmindex	freq[85, ::]
1.06999999999999784E1	0	0.00000000000000000E0
1.06999999999999784E1	1	2.46642561817120987E9
1.06999999999999784E1	2	4.93285123634241973E9
1.06999999999999784E1	3	7.39927685451363004E9
1.06999999999999784E1	4	9.86570247268483946E9
1.06999999999999784E1	5	1.23321280908560538E10
1.06999999999999784E1	6	1.47985537090272601E10
1.06999999999999784E1	7	1.72649793271984753E10
1.06999999999999784E1	8	1.97314049453696794E10
1.06999999999999784E1	9	2.21978305635408857E10
1.06999999999999784E1	10	2.46642561817121075E10

var_c	harmindex	freq[86, ::]
1.07999999999999785E1	0	0.00000000000000000E0
1.07999999999999785E1	1	2.46629540428472582E9
1.07999999999999785E1	2	4.93259080856945165E9
1.07999999999999785E1	3	7.39888621285417791E9
1.07999999999999785E1	4	9.86518161713890329E9
1.07999999999999785E1	5	1.23314770214236291E10
1.07999999999999785E1	6	1.47977724257083554E10
1.07999999999999785E1	7	1.72640678299930816E10
1.07999999999999785E1	8	1.97303632342778057E10
1.07999999999999785E1	9	2.21966586385625364E10
1.07999999999999785E1	10	2.46629540428472582E10

var_c	harmindex	freq[87, ::]
1.08999999999999764E1	0	0.00000000000000000E0
1.08999999999999764E1	1	2.46616753113184028E9
1.08999999999999764E1	2	4.93233506226368057E9
1.08999999999999764E1	3	7.39850259339552174E9
1.08999999999999764E1	4	9.86467012452736114E9
1.08999999999999764E1	5	1.23308376556592014E10
1.08999999999999764E1	6	1.47970051867910435E10
1.08999999999999764E1	7	1.72631727179228767E10
1.08999999999999764E1	8	1.97293402490547232E10
1.08999999999999764E1	9	2.21955077801865652E10
1.08999999999999764E1	10	2.46616753113184028E10

var_c	harmindex	freq[88, ::]
1.09999999999999765E1	0	0.00000000000000000E0
1.09999999999999765E1	1	2.46604193616059764E9
1.09999999999999765E1	2	4.93208387232119527E9
1.09999999999999765E1	3	7.39812580848179380E9
1.09999999999999765E1	4	9.86416774464239055E9
1.09999999999999765E1	5	1.23302096808029882E10
1.09999999999999765E1	6	1.47962516169635871E10
1.09999999999999765E1	7	1.72622935531241817E10
1.09999999999999765E1	8	1.97283354892847806E10
1.09999999999999765E1	9	2.21943774254453796E10
1.09999999999999765E1	10	2.46604193616059764E10

var_c	harmindex	freq[89, ::]
1.10999999999999766E1	0	0.00000000000000000E0
1.10999999999999766E1	1	2.46591855902794865E9
1.10999999999999766E1	2	4.93183711805589731E9
1.10999999999999766E1	3	7.39775567708384507E9
1.10999999999999766E1	4	9.86367423611179461E9
1.10999999999999766E1	5	1.23295927951397433E10
1.10999999999999766E1	6	1.47955113541676897E10
1.10999999999999766E1	7	1.72614299131956384E10
1.10999999999999766E1	8	1.97273484722235892E10
1.10999999999999766E1	9	2.21932670312515334E10
1.10999999999999766E1	10	2.46591855902794865E10

var_c	harmindex	freq[90, ::]
1.11999999999999766E1	0	0.00000000000000000E0
1.11999999999999766E1	1	2.46579734150365493E9
1.11999999999999766E1	2	4.93159468300730985E9
1.11999999999999766E1	3	7.39739202451096567E9
1.11999999999999766E1	4	9.86318936601461971E9
1.11999999999999766E1	5	1.23289867075182746E10
1.11999999999999766E1	6	1.47947840490219318E10
1.11999999999999766E1	7	1.72605813905255845E10
1.11999999999999766E1	8	1.97263787320292394E10
1.11999999999999766E1	9	2.21921760735328899E10
1.11999999999999766E1	10	2.46579734150365493E10

var_c	harmindex	freq[91, ::]
1.12999999999999767E1	0	0.00000000000000000E0
1.12999999999999767E1	1	2.46567822737772158E9
1.12999999999999767E1	2	4.93135645475544315E9
1.12999999999999767E1	3	7.39703468213316206E9
1.12999999999999767E1	4	9.86271290951088631E9
1.12999999999999767E1	5	1.23283911368886079E10
1.12999999999999767E1	6	1.47940693642663246E10
1.12999999999999767E1	7	1.72597475916440390E10
1.12999999999999767E1	8	1.97254258190217735E10
1.12999999999999767E1	9	2.21911040463994924E10
1.12999999999999767E1	10	2.46567822737772158E10

var_c	harmindex	freq[92, ::]
1.13999999999999746E1	0	0.00000000000000000E0
1.13999999999999746E1	1	2.46556116237437051E9
1.13999999999999746E1	2	4.93112232474874101E9
1.13999999999999746E1	3	7.39668348712311108E9
1.13999999999999746E1	4	9.86224464949748203E9
1.13999999999999746E1	5	1.23278058118718525E10
1.13999999999999746E1	6	1.47933669742462226E10
1.13999999999999746E1	7	1.72589281366205904E10
1.13999999999999746E1	8	1.97244892989949649E10
1.13999999999999746E1	9	2.21900504613693306E10
1.13999999999999746E1	10	2.46556116237437051E10

var_c	harmindex	freq[93, ::]
1.14999999999999747E1	0	0.00000000000000000E0
1.14999999999999747E1	1	2.46544609406913251E9
1.14999999999999747E1	2	4.93089218813826502E9
1.14999999999999747E1	3	7.39633828220739531E9
1.14999999999999747E1	4	9.86178437627653004E9
1.14999999999999747E1	5	1.23272304703456625E10
1.14999999999999747E1	6	1.47926765644147906E10
1.14999999999999747E1	7	1.72581226584839231E10
1.14999999999999747E1	8	1.97235687525530601E10
1.14999999999999747E1	9	2.21890148466221904E10
1.14999999999999747E1	10	2.46544609406913251E10

var_c	harmindex	freq[94, ::]
1.15999999999999748E1	0	0.00000000000000000E0
1.15999999999999748E1	1	2.46533297181062228E9
1.15999999999999748E1	2	4.93066594362124455E9
1.15999999999999748E1	3	7.39599891543186594E9
1.15999999999999748E1	4	9.86133188724248910E9
1.15999999999999748E1	5	1.23266648590531114E10
1.15999999999999748E1	6	1.47919978308637323E10
1.15999999999999748E1	7	1.72573308026743533E10
1.15999999999999748E1	8	1.97226637744849786E10
1.15999999999999748E1	9	2.21879967462955907E10
1.15999999999999748E1	10	2.46533297181062228E10

var_c	harmindex	freq[95, ::]
1.16999999999999749E1	0	0.00000000000000000E0
1.16999999999999749E1	1	2.46522174664632665E9
1.16999999999999749E1	2	4.93044349329265330E9
1.16999999999999749E1	3	7.39566523993898084E9
1.16999999999999749E1	4	9.86088698658530660E9
1.16999999999999749E1	5	1.23261087332316355E10
1.16999999999999749E1	6	1.47913304798779621E10
1.16999999999999749E1	7	1.72565522265242843E10
1.16999999999999749E1	8	1.97217739731706132E10
1.16999999999999749E1	9	2.21869957198169399E10
1.16999999999999749E1	10	2.46522174664632709E10

var_c	harmindex	freq[96, ::]
1.17999999999999750E1	0	0.00000000000000000E0
1.17999999999999750E1	1	2.46511237125179550E9
1.17999999999999750E1	2	4.93022474250359100E9
1.17999999999999750E1	3	7.39533711375538605E9
1.17999999999999750E1	4	9.86044948500718199E9
1.17999999999999750E1	5	1.23255618562589775E10
1.17999999999999750E1	6	1.47906742275107717E10
1.17999999999999750E1	7	1.72557865987625614E10
1.17999999999999750E1	8	1.97208989700143644E10
1.17999999999999750E1	9	2.21860113412661608E10
1.17999999999999750E1	10	2.46511237125179550E10

var_c	harmindex	freq[97, ::]
1.18999999999999728E1	0	0.00000000000000000E0
1.18999999999999728E1	1	2.46500479986375787E9
1.18999999999999728E1	2	4.93000959972751573E9
1.18999999999999728E1	3	7.39501439959127538E9
1.18999999999999728E1	4	9.86001919945503147E9
1.18999999999999728E1	5	1.23250239993187893E10
1.18999999999999728E1	6	1.47900287991825508E10
1.18999999999999728E1	7	1.72550335990463100E10
1.18999999999999728E1	8	1.97200383989100625E10
1.18999999999999728E1	9	2.21850431987738217E10
1.18999999999999728E1	10	2.46500479986375787E10

var_c	harmindex	freq[98, ::]
1.19999999999999729E1	0	0.00000000000000000E0
1.19999999999999729E1	1	2.46489898821612963E9
1.19999999999999729E1	2	4.92979797643225925E9
1.19999999999999729E1	3	7.39469696464838933E9
1.19999999999999729E1	4	9.85959595286451851E9
1.19999999999999729E1	5	1.23244949410806504E10
1.19999999999999729E1	6	1.47893939292967791E10
1.19999999999999729E1	7	1.72542929175129101E10
1.19999999999999729E1	8	1.97191919057290366E10
1.19999999999999729E1	9	2.21840908939451698E10
1.19999999999999729E1	10	2.46489898821613007E10

var_c	harmindex	freq[99, ::]
1.20999999999999730E1	0	0.00000000000000000E0
1.20999999999999730E1	1	2.46479489347910219E9
1.20999999999999730E1	2	4.92958978695820438E9
1.20999999999999730E1	3	7.39438468043730701E9
1.20999999999999730E1	4	9.85917957391640876E9
1.20999999999999730E1	5	1.23239744673955109E10
1.20999999999999730E1	6	1.47887693608746140E10
1.20999999999999730E1	7	1.72535642543537127E10
1.20999999999999730E1	8	1.97183591478328180E10
1.20999999999999730E1	9	2.21831540413119210E10
1.20999999999999730E1	10	2.46479489347910219E10

var_c	harmindex	freq[100, ::]
1.21999999999999997E1	0	0.00000000000000000E0
1.21999999999999997E1	1	2.46469247420180260E9
1.21999999999999997E1	2	4.92938494840360519E9
1.21999999999999997E1	3	7.39407742260541134E9
1.21999999999999997E1	4	9.85876989680721039E9
1.21999999999999997E1	5	1.23234623710090174E10
1.21999999999999997E1	6	1.47881548452108236E10
1.21999999999999997E1	7	1.72528473194126275E10
1.21999999999999997E1	8	1.97175397936144203E10
1.21999999999999997E1	9	2.21822322678162243E10
1.21999999999999997E1	10	2.46469247420180348E10


