	HB.var_c
0	2.20000000000000018E0
1	3.30000000000000027E0
2	4.40000000000000036E0
3	5.50000000000000000E0
4	6.59999999999999964E0
5	7.69999999999999929E0
6	8.79999999999999893E0
7	9.89999999999999858E0
8	1.09999999999999987E1
9	1.20999999999999974E1
10	1.31999999999999984E1
11	1.42999999999999972E1
12	1.53999999999999959E1
13	1.64999999999999969E1
14	1.75999999999999979E1
15	1.86999999999999988E1
16	1.97999999999999998E1
17	2.09000000000000030E1
18	2.20000000000000018E1
19	2.31000000000000050E1
20	2.42000000000000082E1
21	2.53000000000000069E1
22	2.64000000000000101E1
23	2.75000000000000089E1
24	2.86000000000000121E1
25	2.97000000000000153E1
26	3.08000000000000140E1
27	3.19000000000000172E1
28	3.30000000000000160E1
29	3.41000000000000147E1
30	3.52000000000000179E1
31	3.63000000000000167E1
32	3.74000000000000199E1
33	3.85000000000000231E1
34	3.96000000000000218E1
35	4.07000000000000206E1
36	4.18000000000000238E1
37	4.29000000000000270E1
38	4.40000000000000302E1
39	4.43999999999999950E1


var_c	harmindex	freq[0, ::]
2.20000000000000018E0	0	0.00000000000000000E0
2.20000000000000018E0	1	2.51671627163056710E9
2.20000000000000018E0	2	5.03343254326113421E9
2.20000000000000018E0	3	7.55014881489170087E9
2.20000000000000018E0	4	1.00668650865222675E10
2.20000000000000018E0	5	1.25835813581528355E10
2.20000000000000018E0	6	1.51002976297834013E10
2.20000000000000018E0	7	1.76170139014139693E10
2.20000000000000018E0	8	2.01337301730445351E10
2.20000000000000018E0	9	2.26504464446751097E10
2.20000000000000018E0	10	2.51671627163056710E10

var_c	harmindex	freq[1, ::]
3.30000000000000027E0	0	0.00000000000000000E0
3.30000000000000027E0	1	2.49655457462367192E9
3.30000000000000027E0	2	4.99310914924734384E9
3.30000000000000027E0	3	7.48966372387101664E9
3.30000000000000027E0	4	9.98621829849468767E9
3.30000000000000027E0	5	1.24827728731183596E10
3.30000000000000027E0	6	1.49793274477420324E10
3.30000000000000027E0	7	1.74758820223657096E10
3.30000000000000027E0	8	1.99724365969893758E10
3.30000000000000027E0	9	2.24689911716130464E10
3.30000000000000027E0	10	2.49655457462367192E10

var_c	harmindex	freq[2, ::]
4.40000000000000036E0	0	0.00000000000000000E0
4.40000000000000036E0	1	2.48597774940009053E9
4.40000000000000036E0	2	4.97195549880018106E9
4.40000000000000036E0	3	7.45793324820026982E9
4.40000000000000036E0	4	9.94391099760036212E9
4.40000000000000036E0	5	1.24298887470004527E10
4.40000000000000036E0	6	1.49158664964005405E10
4.40000000000000036E0	7	1.74018442458006395E10
4.40000000000000036E0	8	1.98878219952007251E10
4.40000000000000036E0	9	2.23737997446008086E10
4.40000000000000036E0	10	2.48597774940009053E10

var_c	harmindex	freq[3, ::]
5.50000000000000000E0	0	0.00000000000000000E0
5.50000000000000000E0	1	2.47946393321916192E9
5.50000000000000000E0	2	4.95892786643832384E9
5.50000000000000000E0	3	7.43839179965748531E9
5.50000000000000000E0	4	9.91785573287664768E9
5.50000000000000000E0	5	1.23973196660958052E10
5.50000000000000000E0	6	1.48767835993149711E10
5.50000000000000000E0	7	1.73562475325341303E10
5.50000000000000000E0	8	1.98357114657532962E10
5.50000000000000000E0	9	2.23151753989724488E10
5.50000000000000000E0	10	2.47946393321916103E10

var_c	harmindex	freq[4, ::]
6.59999999999999964E0	0	0.00000000000000000E0
6.59999999999999964E0	1	2.47504927418560472E9
6.59999999999999964E0	2	4.95009854837120944E9
6.59999999999999964E0	3	7.42514782255681460E9
6.59999999999999964E0	4	9.90019709674241888E9
6.59999999999999964E0	5	1.23752463709280236E10
6.59999999999999964E0	6	1.48502956451136292E10
6.59999999999999964E0	7	1.73253449192992326E10
6.59999999999999964E0	8	1.98003941934848382E10
6.59999999999999964E0	9	2.22754434676704482E10
6.59999999999999964E0	10	2.47504927418560472E10

var_c	harmindex	freq[5, ::]
7.69999999999999929E0	0	0.00000000000000000E0
7.69999999999999929E0	1	2.47185989117406191E9
7.69999999999999929E0	2	4.94371978234812381E9
7.69999999999999929E0	3	7.41557967352218572E9
7.69999999999999929E0	4	9.88743956469624763E9
7.69999999999999929E0	5	1.23592994558703095E10
7.69999999999999929E0	6	1.48311593470443714E10
7.69999999999999929E0	7	1.73030192382184334E10
7.69999999999999929E0	8	1.97748791293924953E10
7.69999999999999929E0	9	2.22467390205665572E10
7.69999999999999929E0	10	2.47185989117406191E10

var_c	harmindex	freq[6, ::]
8.79999999999999893E0	0	0.00000000000000000E0
8.79999999999999893E0	1	2.46944788973996143E9
8.79999999999999893E0	2	4.93889577947992287E9
8.79999999999999893E0	3	7.40834366921988163E9
8.79999999999999893E0	4	9.87779155895984573E9
8.79999999999999893E0	5	1.23472394486998072E10
8.79999999999999893E0	6	1.48166873384397624E10
8.79999999999999893E0	7	1.72861352281797243E10
8.79999999999999893E0	8	1.97555831179196906E10
8.79999999999999893E0	9	2.22250310076596458E10
8.79999999999999893E0	10	2.46944788973996143E10

var_c	harmindex	freq[7, ::]
9.89999999999999858E0	0	0.00000000000000000E0
9.89999999999999858E0	1	2.46755991661092544E9
9.89999999999999858E0	2	4.93511983322185088E9
9.89999999999999858E0	3	7.40267974983277632E9
9.89999999999999858E0	4	9.87023966644370176E9
9.89999999999999858E0	5	1.23377995830546272E10
9.89999999999999858E0	6	1.48053594996655535E10
9.89999999999999858E0	7	1.72729194162764754E10
9.89999999999999858E0	8	1.97404793328874040E10
9.89999999999999858E0	9	2.22080392494983325E10
9.89999999999999858E0	10	2.46755991661092544E10

var_c	harmindex	freq[8, ::]
1.09999999999999987E1	0	0.00000000000000000E0
1.09999999999999987E1	1	2.46604193886504008E9
1.09999999999999987E1	2	4.93208387773008017E9
1.09999999999999987E1	3	7.39812581659511714E9
1.09999999999999987E1	4	9.86416775546016034E9
1.09999999999999987E1	5	1.23302096943251938E10
1.09999999999999987E1	6	1.47962516331902338E10
1.09999999999999987E1	7	1.72622935720552739E10
1.09999999999999987E1	8	1.97283355109203207E10
1.09999999999999987E1	9	2.21943774497853541E10
1.09999999999999987E1	10	2.46604193886503875E10

var_c	harmindex	freq[9, ::]
1.20999999999999974E1	0	0.00000000000000000E0
1.20999999999999974E1	1	2.46479489469272561E9
1.20999999999999974E1	2	4.92958978938545123E9
1.20999999999999974E1	3	7.39438468407817862E9
1.20999999999999974E1	4	9.85917957877090245E9
1.20999999999999974E1	5	1.23239744734636281E10
1.20999999999999974E1	6	1.47887693681563581E10
1.20999999999999974E1	7	1.72535642628490860E10
1.20999999999999974E1	8	1.97183591575418049E10
1.20999999999999974E1	9	2.21831540522345394E10
1.20999999999999974E1	10	2.46479489469272561E10

var_c	harmindex	freq[10, ::]
1.31999999999999984E1	0	0.00000000000000000E0
1.31999999999999984E1	1	2.46375219604892859E9
1.31999999999999984E1	2	4.92750439209785718E9
1.31999999999999984E1	3	7.39125658814678665E9
1.31999999999999984E1	4	9.85500878419571436E9
1.31999999999999984E1	5	1.23187609802446407E10
1.31999999999999984E1	6	1.47825131762935724E10
1.31999999999999984E1	7	1.72462653723424952E10
1.31999999999999984E1	8	1.97100175683914292E10
1.31999999999999984E1	9	2.21737697644403564E10
1.31999999999999984E1	10	2.46375219604892814E10

var_c	harmindex	freq[11, ::]
1.42999999999999972E1	0	0.00000000000000000E0
1.42999999999999972E1	1	2.46286741974674595E9
1.42999999999999972E1	2	4.92573483949349189E9
1.42999999999999972E1	3	7.38860225924023695E9
1.42999999999999972E1	4	9.85146967898698378E9
1.42999999999999972E1	5	1.23143370987337297E10
1.42999999999999972E1	6	1.47772045184804734E10
1.42999999999999972E1	7	1.72400719382272238E10
1.42999999999999972E1	8	1.97029393579739676E10
1.42999999999999972E1	9	2.21658067777207091E10
1.42999999999999972E1	10	2.46286741974674595E10

var_c	harmindex	freq[12, ::]
1.53999999999999959E1	0	0.00000000000000000E0
1.53999999999999959E1	1	2.46210721241123531E9
1.53999999999999959E1	2	4.92421442482247063E9
1.53999999999999959E1	3	7.38632163723370461E9
1.53999999999999959E1	4	9.84842884964494125E9
1.53999999999999959E1	5	1.23105360620561766E10
1.53999999999999959E1	6	1.47726432744674097E10
1.53999999999999959E1	7	1.72347504868786428E10
1.53999999999999959E1	8	1.96968576992898825E10
1.53999999999999959E1	9	2.21589649117011112E10
1.53999999999999959E1	10	2.46210721241123531E10

var_c	harmindex	freq[13, ::]
1.64999999999999969E1	0	0.00000000000000000E0
1.64999999999999969E1	1	2.46144700129725758E9
1.64999999999999969E1	2	4.92289400259451515E9
1.64999999999999969E1	3	7.38434100389177139E9
1.64999999999999969E1	4	9.84578800518903030E9
1.64999999999999969E1	5	1.23072350064862879E10
1.64999999999999969E1	6	1.47686820077835423E10
1.64999999999999969E1	7	1.72301290090808057E10
1.64999999999999969E1	8	1.96915760103780602E10
1.64999999999999969E1	9	2.21530230116753213E10
1.64999999999999969E1	10	2.46144700129725758E10

var_c	harmindex	freq[14, ::]
1.75999999999999979E1	0	0.00000000000000000E0
1.75999999999999979E1	1	2.46086827186220969E9
1.75999999999999979E1	2	4.92173654372441938E9
1.75999999999999979E1	3	7.38260481558662995E9
1.75999999999999979E1	4	9.84347308744883875E9
1.75999999999999979E1	5	1.23043413593110484E10
1.75999999999999979E1	6	1.47652096311732595E10
1.75999999999999979E1	7	1.72260779030354660E10
1.75999999999999979E1	8	1.96869461748976771E10
1.75999999999999979E1	9	2.21478144467598881E10
1.75999999999999979E1	10	2.46086827186220969E10

var_c	harmindex	freq[15, ::]
1.86999999999999988E1	0	0.00000000000000000E0
1.86999999999999988E1	1	2.46035681661899774E9
1.86999999999999988E1	2	4.92071363323799549E9
1.86999999999999988E1	3	7.38107044985699368E9
1.86999999999999988E1	4	9.84142726647599098E9
1.86999999999999988E1	5	1.23017840830949887E10
1.86999999999999988E1	6	1.47621408997139869E10
1.86999999999999988E1	7	1.72224977163329784E10
1.86999999999999988E1	8	1.96828545329519811E10
1.86999999999999988E1	9	2.21432113495709748E10
1.86999999999999988E1	10	2.46035681661899774E10

var_c	harmindex	freq[16, ::]
1.97999999999999998E1	0	0.00000000000000000E0
1.97999999999999998E1	1	2.45990154963890895E9
1.97999999999999998E1	2	4.91980309927781789E9
1.97999999999999998E1	3	7.37970464891672862E9
1.97999999999999998E1	4	9.83960619855563579E9
1.97999999999999998E1	5	1.22995077481945447E10
1.97999999999999998E1	6	1.47594092978334568E10
1.97999999999999998E1	7	1.72193108474723644E10
1.97999999999999998E1	8	1.96792123971112720E10
1.97999999999999998E1	9	2.21391139467501841E10
1.97999999999999998E1	10	2.45990154963890895E10

var_c	harmindex	freq[17, ::]
2.09000000000000030E1	0	0.00000000000000000E0
2.09000000000000030E1	1	2.45949369389808448E9
2.09000000000000030E1	2	4.91898738779616895E9
2.09000000000000030E1	3	7.37848108169425565E9
2.09000000000000030E1	4	9.83797477559233791E9
2.09000000000000030E1	5	1.22974684694904202E10
2.09000000000000030E1	6	1.47569621633885117E10
2.09000000000000030E1	7	1.72164558572865967E10
2.09000000000000030E1	8	1.96759495511846749E10
2.09000000000000030E1	9	2.21354432450827598E10
2.09000000000000030E1	10	2.45949369389808403E10

var_c	harmindex	freq[18, ::]
2.20000000000000018E1	0	0.00000000000000000E0
2.20000000000000018E1	1	2.45912620993022646E9
2.20000000000000018E1	2	4.91825241986045292E9
2.20000000000000018E1	3	7.37737862979067938E9
2.20000000000000018E1	4	9.83650483972090584E9
2.20000000000000018E1	5	1.22956310496511323E10
2.20000000000000018E1	6	1.47547572595813592E10
2.20000000000000018E1	7	1.72138834695115794E10
2.20000000000000018E1	8	1.96730096794418108E10
2.20000000000000018E1	9	2.21321358893720355E10
2.20000000000000018E1	10	2.45912620993022646E10

var_c	harmindex	freq[19, ::]
2.31000000000000050E1	0	0.00000000000000000E0
2.31000000000000050E1	1	2.45879338613454745E9
2.31000000000000050E1	2	4.91758677226909491E9
2.31000000000000050E1	3	7.37638015840364325E9
2.31000000000000050E1	4	9.83517354453818982E9
2.31000000000000050E1	5	1.22939669306727373E10
2.31000000000000050E1	6	1.47527603168072874E10
2.31000000000000050E1	7	1.72115537029418308E10
2.31000000000000050E1	8	1.96703470890763787E10
2.31000000000000050E1	9	2.21291404752109289E10
2.31000000000000050E1	10	2.45879338613454745E10

var_c	harmindex	freq[20, ::]
2.42000000000000082E1	0	0.00000000000000000E0
2.42000000000000082E1	1	2.45849053978178578E9
2.42000000000000082E1	2	4.91698107956357156E9
2.42000000000000082E1	3	7.37547161934535644E9
2.42000000000000082E1	4	9.83396215912714311E9
2.42000000000000082E1	5	1.22924526989089333E10
2.42000000000000082E1	6	1.47509432386907124E10
2.42000000000000082E1	7	1.72094337784725093E10
2.42000000000000082E1	8	1.96679243182542862E10
2.42000000000000082E1	9	2.21264148580360764E10
2.42000000000000082E1	10	2.45849053978178667E10

var_c	harmindex	freq[21, ::]
2.53000000000000069E1	0	0.00000000000000000E0
2.53000000000000069E1	1	2.45821379532701645E9
2.53000000000000069E1	2	4.91642759065403290E9
2.53000000000000069E1	3	7.37464138598105201E9
2.53000000000000069E1	4	9.83285518130806580E9
2.53000000000000069E1	5	1.22910689766350822E10
2.53000000000000069E1	6	1.47492827719621045E10
2.53000000000000069E1	7	1.72074965672891200E10
2.53000000000000069E1	8	1.96657103626161311E10
2.53000000000000069E1	9	2.21239241579431578E10
2.53000000000000069E1	10	2.45821379532701645E10

var_c	harmindex	freq[22, ::]
2.64000000000000101E1	0	0.00000000000000000E0
2.64000000000000101E1	1	2.45795991767325361E9
2.64000000000000101E1	2	4.91591983534650723E9
2.64000000000000101E1	3	7.37387975301975995E9
2.64000000000000101E1	4	9.83183967069301445E9
2.64000000000000101E1	5	1.22897995883662681E10
2.64000000000000101E1	6	1.47477595060395195E10
2.64000000000000101E1	7	1.72057194237127709E10
2.64000000000000101E1	8	1.96636793413860289E10
2.64000000000000101E1	9	2.21216392590592781E10
2.64000000000000101E1	10	2.45795991767325361E10

var_c	harmindex	freq[23, ::]
2.75000000000000089E1	0	0.00000000000000000E0
2.75000000000000089E1	1	2.45772618584208313E9
2.75000000000000089E1	2	4.91545237168416627E9
2.75000000000000089E1	3	7.37317855752624762E9
2.75000000000000089E1	4	9.83090474336833253E9
2.75000000000000089E1	5	1.22886309292104068E10
2.75000000000000089E1	6	1.47463571150524952E10
2.75000000000000089E1	7	1.72040833008945815E10
2.75000000000000089E1	8	1.96618094867366655E10
2.75000000000000089E1	9	2.21195356725787473E10
2.75000000000000089E1	10	2.45772618584208136E10

var_c	harmindex	freq[24, ::]
2.86000000000000121E1	0	0.00000000000000000E0
2.86000000000000121E1	1	2.45751029199459747E9
2.86000000000000121E1	2	4.91502058398919495E9
2.86000000000000121E1	3	7.37253087598379153E9
2.86000000000000121E1	4	9.83004116797838989E9
2.86000000000000121E1	5	1.22875514599729874E10
2.86000000000000121E1	6	1.47450617519675831E10
2.86000000000000121E1	7	1.72025720439621810E10
2.86000000000000121E1	8	1.96600823359567789E10
2.86000000000000121E1	9	2.21175926279513746E10
2.86000000000000121E1	10	2.45751029199459747E10

var_c	harmindex	freq[25, ::]
2.97000000000000153E1	0	0.00000000000000000E0
2.97000000000000153E1	1	2.45731026988014145E9
2.97000000000000153E1	2	4.91462053976028290E9
2.97000000000000153E1	3	7.37193080964042213E9
2.97000000000000153E1	4	9.82924107952056580E9
2.97000000000000153E1	5	1.22865513494007073E10
2.97000000000000153E1	6	1.47438616192808447E10
2.97000000000000153E1	7	1.72011718891609844E10
2.97000000000000153E1	8	1.96584821590411307E10
2.97000000000000153E1	9	2.21157924289212726E10
2.97000000000000153E1	10	2.45731026988014145E10

var_c	harmindex	freq[26, ::]
3.08000000000000140E1	0	0.00000000000000000E0
3.08000000000000140E1	1	2.45712443130799407E9
3.08000000000000140E1	2	4.91424886261598814E9
3.08000000000000140E1	3	7.37137329392398311E9
3.08000000000000140E1	4	9.82849772523197629E9
3.08000000000000140E1	5	1.22856221565399704E10
3.08000000000000140E1	6	1.47427465878479658E10
3.08000000000000140E1	7	1.71998710191559567E10
3.08000000000000140E1	8	1.96569954504639521E10
3.08000000000000140E1	9	2.21141198817719387E10
3.08000000000000140E1	10	2.45712443130799407E10

var_c	harmindex	freq[27, ::]
3.19000000000000172E1	0	0.00000000000000000E0
3.19000000000000172E1	1	2.45695131930772082E9
3.19000000000000172E1	2	4.91390263861544163E9
3.19000000000000172E1	3	7.37085395792316422E9
3.19000000000000172E1	4	9.82780527723088326E9
3.19000000000000172E1	5	1.22847565965386041E10
3.19000000000000172E1	6	1.47417079158463293E10
3.19000000000000172E1	7	1.71986592351540435E10
3.19000000000000172E1	8	1.96556105544617665E10
3.19000000000000172E1	9	2.21125618737694918E10
3.19000000000000172E1	10	2.45695131930772082E10

var_c	harmindex	freq[28, ::]
3.30000000000000160E1	0	0.00000000000000000E0
3.30000000000000160E1	1	2.45678966985407676E9
3.30000000000000160E1	2	4.91357933970815353E9
3.30000000000000160E1	3	7.37036900956223029E9
3.30000000000000160E1	4	9.82715867941630705E9
3.30000000000000160E1	5	1.22839483492703883E10
3.30000000000000160E1	6	1.47407380191244597E10
3.30000000000000160E1	7	1.71975276889785467E10
3.30000000000000160E1	8	1.96543173588326137E10
3.30000000000000160E1	9	2.21111070286866918E10
3.30000000000000160E1	10	2.45678966985407765E10

var_c	harmindex	freq[29, ::]
3.41000000000000147E1	0	0.00000000000000000E0
3.41000000000000147E1	1	2.45663838095083076E9
3.41000000000000147E1	2	4.91327676190166152E9
3.41000000000000147E1	3	7.36991514285249405E9
3.41000000000000147E1	4	9.82655352380332303E9
3.41000000000000147E1	5	1.22831919047541538E10
3.41000000000000147E1	6	1.47398302857049890E10
3.41000000000000147E1	7	1.71964686666558175E10
3.41000000000000147E1	8	1.96531070476066461E10
3.41000000000000147E1	9	2.21097454285574813E10
3.41000000000000147E1	10	2.45663838095083076E10

var_c	harmindex	freq[30, ::]
3.52000000000000179E1	0	0.00000000000000000E0
3.52000000000000179E1	1	2.45649648747490579E9
3.52000000000000179E1	2	4.91299297494981158E9
3.52000000000000179E1	3	7.36948946242471514E9
3.52000000000000179E1	4	9.82598594989962315E9
3.52000000000000179E1	5	1.22824824373745289E10
3.52000000000000179E1	6	1.47389789248494307E10
3.52000000000000179E1	7	1.71954754123243392E10
3.52000000000000179E1	8	1.96519718997992454E10
3.52000000000000179E1	9	2.21084683872741561E10
3.52000000000000179E1	10	2.45649648747490579E10

var_c	harmindex	freq[31, ::]
3.63000000000000167E1	0	0.00000000000000000E0
3.63000000000000167E1	1	2.45636314056604377E9
3.63000000000000167E1	2	4.91272628113208754E9
3.63000000000000167E1	3	7.36908942169813219E9
3.63000000000000167E1	4	9.82545256226417507E9
3.63000000000000167E1	5	1.22818157028302188E10
3.63000000000000167E1	6	1.47381788433962635E10
3.63000000000000167E1	7	1.71945419839623059E10
3.63000000000000167E1	8	1.96509051245283506E10
3.63000000000000167E1	9	2.21072682650943930E10
3.63000000000000167E1	10	2.45636314056604377E10

var_c	harmindex	freq[32, ::]
3.74000000000000199E1	0	0.00000000000000000E0
3.74000000000000199E1	1	2.45623759063159053E9
3.74000000000000199E1	2	4.91247518126318106E9
3.74000000000000199E1	3	7.36871277189477247E9
3.74000000000000199E1	4	9.82495036252636211E9
3.74000000000000199E1	5	1.22811879531579504E10
3.74000000000000199E1	6	1.47374255437895441E10
3.74000000000000199E1	7	1.71936631344211355E10
3.74000000000000199E1	8	1.96499007250527247E10
3.74000000000000199E1	9	2.21061383156843139E10
3.74000000000000199E1	10	2.45623759063159008E10

var_c	harmindex	freq[33, ::]
3.85000000000000231E1	0	0.00000000000000000E0
3.85000000000000231E1	1	2.45611917324815199E9
3.85000000000000231E1	2	4.91223834649630398E9
3.85000000000000231E1	3	7.36835751974445685E9
3.85000000000000231E1	4	9.82447669299260795E9
3.85000000000000231E1	5	1.22805958662407599E10
3.85000000000000231E1	6	1.47367150394889146E10
3.85000000000000231E1	7	1.71928342127370604E10
3.85000000000000231E1	8	1.96489533859852150E10
3.85000000000000231E1	9	2.21050725592333697E10
3.85000000000000231E1	10	2.45611917324815199E10

var_c	harmindex	freq[34, ::]
3.96000000000000218E1	0	0.00000000000000000E0
3.96000000000000218E1	1	2.45600729739929102E9
3.96000000000000218E1	2	4.91201459479858205E9
3.96000000000000218E1	3	7.36802189219787174E9
3.96000000000000218E1	4	9.82402918959716409E9
3.96000000000000218E1	5	1.22800364869964551E10
3.96000000000000218E1	6	1.47360437843957426E10
3.96000000000000218E1	7	1.71920510817950367E10
3.96000000000000218E1	8	1.96480583791943286E10
3.96000000000000218E1	9	2.21040656765936250E10
3.96000000000000218E1	10	2.45600729739929102E10

var_c	harmindex	freq[35, ::]
4.07000000000000206E1	0	0.00000000000000000E0
4.07000000000000206E1	1	2.45590143561042229E9
4.07000000000000206E1	2	4.91180287122084458E9
4.07000000000000206E1	3	7.36770430683126598E9
4.07000000000000206E1	4	9.82360574244168916E9
4.07000000000000206E1	5	1.22795071780521114E10
4.07000000000000206E1	6	1.47354086136625329E10
4.07000000000000206E1	7	1.71913100492729498E10
4.07000000000000206E1	8	1.96472114848833779E10
4.07000000000000206E1	9	2.21031129204937926E10
4.07000000000000206E1	10	2.45590143561042229E10

var_c	harmindex	freq[36, ::]
4.18000000000000238E1	0	0.00000000000000000E0
4.18000000000000238E1	1	2.45580111563284786E9
4.18000000000000238E1	2	4.91160223126569573E9
4.18000000000000238E1	3	7.36740334689854315E9
4.18000000000000238E1	4	9.82320446253139146E9
4.18000000000000238E1	5	1.22790055781642393E10
4.18000000000000238E1	6	1.47348066937970867E10
4.18000000000000238E1	7	1.71906078094299342E10
4.18000000000000238E1	8	1.96464089250627838E10
4.18000000000000238E1	9	2.21022100406956312E10
4.18000000000000238E1	10	2.45580111563284786E10

var_c	harmindex	freq[37, ::]
4.29000000000000270E1	0	0.00000000000000000E0
4.29000000000000270E1	1	2.45570591340048505E9
4.29000000000000270E1	2	4.91141182680097010E9
4.29000000000000270E1	3	7.36711774020145338E9
4.29000000000000270E1	4	9.82282365360194021E9
4.29000000000000270E1	5	1.22785295670024253E10
4.29000000000000270E1	6	1.47342354804029063E10
4.29000000000000270E1	7	1.71899413938033940E10
4.29000000000000270E1	8	1.96456473072038795E10
4.29000000000000270E1	9	2.21013532206043717E10
4.29000000000000270E1	10	2.45570591340048505E10

var_c	harmindex	freq[38, ::]
4.40000000000000302E1	0	0.00000000000000000E0
4.40000000000000302E1	1	2.45561544703781554E9
4.40000000000000302E1	2	4.91123089407563107E9
4.40000000000000302E1	3	7.36684634111344661E9
4.40000000000000302E1	4	9.82246178815126214E9
4.40000000000000302E1	5	1.22780772351890777E10
4.40000000000000302E1	6	1.47336926822268932E10
4.40000000000000302E1	7	1.71893081292647087E10
4.40000000000000302E1	8	1.96449235763025243E10
4.40000000000000302E1	9	2.21005390233403398E10
4.40000000000000302E1	10	2.45561544703781554E10

var_c	harmindex	freq[39, ::]
4.43999999999999950E1	0	0.00000000000000000E0
4.43999999999999950E1	1	2.45558365589105820E9
4.43999999999999950E1	2	4.91116731178211641E9
4.43999999999999950E1	3	7.36675096767317417E9
4.43999999999999950E1	4	9.82233462356423281E9
4.43999999999999950E1	5	1.22779182794552910E10
4.43999999999999950E1	6	1.47335019353463492E10
4.43999999999999950E1	7	1.71890855912374074E10
4.43999999999999950E1	8	1.96446692471284656E10
4.43999999999999950E1	9	2.21002529030195261E10
4.43999999999999950E1	10	2.45558365589105820E10


