	HB.var_c
0	2.20000000000000018E0
1	2.30000000000000027E0
2	2.40000000000000036E0
3	2.50000000000000044E0
4	2.60000000000000053E0
5	2.70000000000000062E0
6	2.80000000000000071E0
7	2.90000000000000080E0
8	3.00000000000000089E0
9	3.10000000000000098E0
10	3.20000000000000107E0
11	3.30000000000000115E0
12	3.40000000000000124E0
13	3.50000000000000133E0
14	3.60000000000000142E0
15	3.70000000000000151E0
16	3.80000000000000160E0
17	3.90000000000000169E0
18	4.00000000000000178E0
19	4.10000000000000142E0
20	4.20000000000000107E0
21	4.30000000000000071E0
22	4.40000000000000036E0
23	4.50000000000000000E0
24	4.59999999999999964E0
25	4.69999999999999929E0
26	4.79999999999999893E0
27	4.89999999999999858E0
28	4.99999999999999822E0
29	5.09999999999999787E0
30	5.19999999999999751E0
31	5.29999999999999716E0
32	5.39999999999999680E0
33	5.50000000000000000E0


var_c	harmindex	freq[0, ::]
2.20000000000000018E0	0	0.00000000000000000E0
2.20000000000000018E0	1	2.57026090668679164E9
2.20000000000000018E0	2	5.14052181337358327E9
2.20000000000000018E0	3	7.71078272006037668E9
2.20000000000000018E0	4	1.02810436267471661E10
2.20000000000000018E0	5	1.28513045334339560E10
2.20000000000000018E0	6	1.54215654401207525E10
2.20000000000000018E0	7	1.79918263468075423E10
2.20000000000000018E0	8	2.05620872534943322E10
2.20000000000000018E0	9	2.31323481601811265E10
2.20000000000000018E0	10	2.57026090668679119E10

var_c	harmindex	freq[1, ::]
2.30000000000000027E0	0	0.00000000000000000E0
2.30000000000000027E0	1	2.56597423809039427E9
2.30000000000000027E0	2	5.13194847618078853E9
2.30000000000000027E0	3	7.69792271427118369E9
2.30000000000000027E0	4	1.02638969523615775E10
2.30000000000000027E0	5	1.28298711904519713E10
2.30000000000000027E0	6	1.53958454285423674E10
2.30000000000000027E0	7	1.79618196666327590E10
2.30000000000000027E0	8	2.05277939047231550E10
2.30000000000000027E0	9	2.30937681428135466E10
2.30000000000000027E0	10	2.56597423809039427E10

var_c	harmindex	freq[2, ::]
2.40000000000000036E0	0	0.00000000000000000E0
2.40000000000000036E0	1	2.56198744353050545E9
2.40000000000000036E0	2	5.12397488706101090E9
2.40000000000000036E0	3	7.68596233059151324E9
2.40000000000000036E0	4	1.02479497741220227E10
2.40000000000000036E0	5	1.28099372176525272E10
2.40000000000000036E0	6	1.53719246611830274E10
2.40000000000000036E0	7	1.79339121047135386E10
2.40000000000000036E0	8	2.04958995482440454E10
2.40000000000000036E0	9	2.30578869917745521E10
2.40000000000000036E0	10	2.56198744353050545E10

var_c	harmindex	freq[3, ::]
2.50000000000000044E0	0	0.00000000000000000E0
2.50000000000000044E0	1	2.55827013790257407E9
2.50000000000000044E0	2	5.11654027580514814E9
2.50000000000000044E0	3	7.67481041370772044E9
2.50000000000000044E0	4	1.02330805516102963E10
2.50000000000000044E0	5	1.27913506895128704E10
2.50000000000000044E0	6	1.53496208274154400E10
2.50000000000000044E0	7	1.79078909653180141E10
2.50000000000000044E0	8	2.04661611032205926E10
2.50000000000000044E0	9	2.30244312411231622E10
2.50000000000000044E0	10	2.55827013790257407E10

var_c	harmindex	freq[4, ::]
2.60000000000000053E0	0	0.00000000000000000E0
2.60000000000000053E0	1	2.55479586971123052E9
2.60000000000000053E0	2	5.10959173942246103E9
2.60000000000000053E0	3	7.66438760913369244E9
2.60000000000000053E0	4	1.02191834788449221E10
2.60000000000000053E0	5	1.27739793485561526E10
2.60000000000000053E0	6	1.53287752182673853E10
2.60000000000000053E0	7	1.78835710879786158E10
2.60000000000000053E0	8	2.04383669576898441E10
2.60000000000000053E0	9	2.29931628274010791E10
2.60000000000000053E0	10	2.55479586971123052E10

var_c	harmindex	freq[5, ::]
2.70000000000000062E0	0	0.00000000000000000E0
2.70000000000000062E0	1	2.55154158229080785E9
2.70000000000000062E0	2	5.10308316458161570E9
2.70000000000000062E0	3	7.65462474687242178E9
2.70000000000000062E0	4	1.02061663291632310E10
2.70000000000000062E0	5	1.27577079114540348E10
2.70000000000000062E0	6	1.53092494937448431E10
2.70000000000000062E0	7	1.78607910760356536E10
2.70000000000000062E0	8	2.04123326583264619E10
2.70000000000000062E0	9	2.29638742406172680E10
2.70000000000000062E0	10	2.55154158229080696E10

var_c	harmindex	freq[6, ::]
2.80000000000000071E0	0	0.00000000000000000E0
2.80000000000000071E0	1	2.54848702659258519E9
2.80000000000000071E0	2	5.09697405318517038E9
2.80000000000000071E0	3	7.64546107977775158E9
2.80000000000000071E0	4	1.01939481063703408E10
2.80000000000000071E0	5	1.27424351329629237E10
2.80000000000000071E0	6	1.52909221595555023E10
2.80000000000000071E0	7	1.78394091861480963E10
2.80000000000000071E0	8	2.03878962127406815E10
2.80000000000000071E0	9	2.29363832393332689E10
2.80000000000000071E0	10	2.54848702659258475E10

var_c	harmindex	freq[7, ::]
2.90000000000000080E0	0	0.00000000000000000E0
2.90000000000000080E0	1	2.54561436843086542E9
2.90000000000000080E0	2	5.09122873686173083E9
2.90000000000000080E0	3	7.63684310529259669E9
2.90000000000000080E0	4	1.01824574737234608E10
2.90000000000000080E0	5	1.27280718421543271E10
2.90000000000000080E0	6	1.52736862105851934E10
2.90000000000000080E0	7	1.78193005790160575E10
2.90000000000000080E0	8	2.03649149474469215E10
2.90000000000000080E0	9	2.29105293158777901E10
2.90000000000000080E0	10	2.54561436843086542E10

var_c	harmindex	freq[8, ::]
3.00000000000000089E0	0	0.00000000000000000E0
3.00000000000000089E0	1	2.54290783491992123E9
3.00000000000000089E0	2	5.08581566983984246E9
3.00000000000000089E0	3	7.62872350475976457E9
3.00000000000000089E0	4	1.01716313396796854E10
3.00000000000000089E0	5	1.27145391745996061E10
3.00000000000000089E0	6	1.52574470095195291E10
3.00000000000000089E0	7	1.78003548444394433E10
3.00000000000000089E0	8	2.03432626793593707E10
3.00000000000000089E0	9	2.28861705142792804E10
3.00000000000000089E0	10	2.54290783491992123E10

var_c	harmindex	freq[9, ::]
3.10000000000000098E0	0	0.00000000000000000E0
3.10000000000000098E0	1	2.54035342541120324E9
3.10000000000000098E0	2	5.08070685082240647E9
3.10000000000000098E0	3	7.62106027623361104E9
3.10000000000000098E0	4	1.01614137016448125E10
3.10000000000000098E0	5	1.27017671270560162E10
3.10000000000000098E0	6	1.52421205524672221E10
3.10000000000000098E0	7	1.77824739778784213E10
3.10000000000000098E0	8	2.03228274032896250E10
3.10000000000000098E0	9	2.28631808287008287E10
3.10000000000000098E0	10	2.54035342541120324E10

var_c	harmindex	freq[10, ::]
3.20000000000000107E0	0	0.00000000000000000E0
3.20000000000000107E0	1	2.53793866004859536E9
3.20000000000000107E0	2	5.07587732009719073E9
3.20000000000000107E0	3	7.61381598014578564E9
3.20000000000000107E0	4	1.01517546401943815E10
3.20000000000000107E0	5	1.26896933002429768E10
3.20000000000000107E0	6	1.52276319602915722E10
3.20000000000000107E0	7	1.77655706203401742E10
3.20000000000000107E0	8	2.03035092803887629E10
3.20000000000000107E0	9	2.28414479404373649E10
3.20000000000000107E0	10	2.53793866004859536E10

var_c	harmindex	freq[11, ::]
3.30000000000000115E0	0	0.00000000000000000E0
3.30000000000000115E0	1	2.53565241652231954E9
3.30000000000000115E0	2	5.07130483304463908E9
3.30000000000000115E0	3	7.60695724956695596E9
3.30000000000000115E0	4	1.01426096660892773E10
3.30000000000000115E0	5	1.26782620826115977E10
3.30000000000000115E0	6	1.52139144991339115E10
3.30000000000000115E0	7	1.77495669156562386E10
3.30000000000000115E0	8	2.02852193321785546E10
3.30000000000000115E0	9	2.28208717487008750E10
3.30000000000000115E0	10	2.53565241652231954E10

var_c	harmindex	freq[12, ::]
3.40000000000000124E0	0	0.00000000000000000E0
3.40000000000000124E0	1	2.53348469246620578E9
3.40000000000000124E0	2	5.06696938493241156E9
3.40000000000000124E0	3	7.60045407739861822E9
3.40000000000000124E0	4	1.01339387698648231E10
3.40000000000000124E0	5	1.26674234623310245E10
3.40000000000000124E0	6	1.52009081547972369E10
3.40000000000000124E0	7	1.77343928472634360E10
3.40000000000000124E0	8	2.02678775397296462E10
3.40000000000000124E0	9	2.28013622321958476E10
3.40000000000000124E0	10	2.53348469246620489E10

var_c	harmindex	freq[13, ::]
3.50000000000000133E0	0	0.00000000000000000E0
3.50000000000000133E0	1	2.53142650806116709E9
3.50000000000000133E0	2	5.06285301612233418E9
3.50000000000000133E0	3	7.59427952418350038E9
3.50000000000000133E0	4	1.01257060322446679E10
3.50000000000000133E0	5	1.26571325403058355E10
3.50000000000000133E0	6	1.51885590483670008E10
3.50000000000000133E0	7	1.77199855564281639E10
3.50000000000000133E0	8	2.02514120644893358E10
3.50000000000000133E0	9	2.27828385725505012E10
3.50000000000000133E0	10	2.53142650806116709E10

var_c	harmindex	freq[14, ::]
3.60000000000000142E0	0	0.00000000000000000E0
3.60000000000000142E0	1	2.52946976805345969E9
3.60000000000000142E0	2	5.05893953610691938E9
3.60000000000000142E0	3	7.58840930416037729E9
3.60000000000000142E0	4	1.01178790722138379E10
3.60000000000000142E0	5	1.26473488402672984E10
3.60000000000000142E0	6	1.51768186083207546E10
3.60000000000000142E0	7	1.77062883763742218E10
3.60000000000000142E0	8	2.02357581444276757E10
3.60000000000000142E0	9	2.27652279124811407E10
3.60000000000000142E0	10	2.52946976805345969E10

var_c	harmindex	freq[15, ::]
3.70000000000000151E0	0	0.00000000000000000E0
3.70000000000000151E0	1	2.52760715548744264E9
3.70000000000000151E0	2	5.05521431097488527E9
3.70000000000000151E0	3	7.58282146646232924E9
3.70000000000000151E0	4	1.01104286219497697E10
3.70000000000000151E0	5	1.26380357774372132E10
3.70000000000000151E0	6	1.51656429329246589E10
3.70000000000000151E0	7	1.76932500884121002E10
3.70000000000000151E0	8	2.02208572438995393E10
3.70000000000000151E0	9	2.27484643993869895E10
3.70000000000000151E0	10	2.52760715548744264E10

var_c	harmindex	freq[16, ::]
3.80000000000000160E0	0	0.00000000000000000E0
3.80000000000000160E0	1	2.52583204046529897E9
3.80000000000000160E0	2	5.05166408093059793E9
3.80000000000000160E0	3	7.57749612139589868E9
3.80000000000000160E0	4	1.01033281618611959E10
3.80000000000000160E0	5	1.26291602023264948E10
3.80000000000000160E0	6	1.51549922427917982E10
3.80000000000000160E0	7	1.76808242832570994E10
3.80000000000000160E0	8	2.02066563237223917E10
3.80000000000000160E0	9	2.27324883641876951E10
3.80000000000000160E0	10	2.52583204046529897E10

var_c	harmindex	freq[17, ::]
3.90000000000000169E0	0	0.00000000000000000E0
3.90000000000000169E0	1	2.52413839900450698E9
3.90000000000000169E0	2	5.04827679800901397E9
3.90000000000000169E0	3	7.57241519701352139E9
3.90000000000000169E0	4	1.00965535960180275E10
3.90000000000000169E0	5	1.26206919950225394E10
3.90000000000000169E0	6	1.51448303940270423E10
3.90000000000000169E0	7	1.76689687930315498E10
3.90000000000000169E0	8	2.01931071920360550E10
3.90000000000000169E0	9	2.27172455910405624E10
3.90000000000000169E0	10	2.52413839900450787E10

var_c	harmindex	freq[18, ::]
4.00000000000000178E0	0	0.00000000000000000E0
4.00000000000000178E0	1	2.52252075220091765E9
4.00000000000000178E0	2	5.04504150440183530E9
4.00000000000000178E0	3	7.56756225660275295E9
4.00000000000000178E0	4	1.00900830088036697E10
4.00000000000000178E0	5	1.26126037610045882E10
4.00000000000000178E0	6	1.51351245132055068E10
4.00000000000000178E0	7	1.76576452654064231E10
4.00000000000000178E0	8	2.01801660176073394E10
4.00000000000000178E0	9	2.27026867698082579E10
4.00000000000000178E0	10	2.52252075220091765E10

var_c	harmindex	freq[19, ::]
4.10000000000000142E0	0	0.00000000000000000E0
4.10000000000000142E0	1	2.52097409902968739E9
4.10000000000000142E0	2	5.04194819805937477E9
4.10000000000000142E0	3	7.56292229708905950E9
4.10000000000000142E0	4	1.00838963961187500E10
4.10000000000000142E0	5	1.26048704951484369E10
4.10000000000000142E0	6	1.51258445941781194E10
4.10000000000000142E0	7	1.76468186932078064E10
4.10000000000000142E0	8	2.01677927922375000E10
4.10000000000000142E0	9	2.26887668912671847E10
4.10000000000000142E0	10	2.52097409902968739E10

var_c	harmindex	freq[20, ::]
4.20000000000000107E0	0	0.00000000000000000E0
4.20000000000000107E0	1	2.51949386774095663E9
4.20000000000000107E0	2	5.03898773548191325E9
4.20000000000000107E0	3	7.55848160322287299E9
4.20000000000000107E0	4	1.00779754709638270E10
4.20000000000000107E0	5	1.25974693387047809E10
4.20000000000000107E0	6	1.51169632064457460E10
4.20000000000000107E0	7	1.76364570741867022E10
4.20000000000000107E0	8	2.01559509419276539E10
4.20000000000000107E0	9	2.26754448096686145E10
4.20000000000000107E0	10	2.51949386774095618E10

var_c	harmindex	freq[21, ::]
4.30000000000000071E0	0	0.00000000000000000E0
4.30000000000000071E0	1	2.51807587079236805E9
4.30000000000000071E0	2	5.03615174158473611E9
4.30000000000000071E0	3	7.55422761237710638E9
4.30000000000000071E0	4	1.00723034831694713E10
4.30000000000000071E0	5	1.25903793539618403E10
4.30000000000000071E0	6	1.51084552247542137E10
4.30000000000000071E0	7	1.76265310955465759E10
4.30000000000000071E0	8	2.01446069663389427E10
4.30000000000000071E0	9	2.26626828371313094E10
4.30000000000000071E0	10	2.51807587079236805E10

var_c	harmindex	freq[22, ::]
4.40000000000000036E0	0	0.00000000000000000E0
4.40000000000000036E0	1	2.51671626533456783E9
4.40000000000000036E0	2	5.03343253066913565E9
4.40000000000000036E0	3	7.55014879600370570E9
4.40000000000000036E0	4	1.00668650613382704E10
4.40000000000000036E0	5	1.25835813266728391E10
4.40000000000000036E0	6	1.51002975920074123E10
4.40000000000000036E0	7	1.76170138573419766E10
4.40000000000000036E0	8	2.01337301226765408E10
4.40000000000000036E0	9	2.26504463880111029E10
4.40000000000000036E0	10	2.51671626533456783E10

var_c	harmindex	freq[23, ::]
4.50000000000000000E0	0	0.00000000000000000E0
4.50000000000000000E0	1	2.51541151846551037E9
4.50000000000000000E0	2	5.03082303693102073E9
4.50000000000000000E0	3	7.54623455539652888E9
4.50000000000000000E0	4	1.00616460738620406E10
4.50000000000000000E0	5	1.25770575923275518E10
4.50000000000000000E0	6	1.50924691107930586E10
4.50000000000000000E0	7	1.76078806292585743E10
4.50000000000000000E0	8	2.01232921477240811E10
4.50000000000000000E0	9	2.26387036661895857E10
4.50000000000000000E0	10	2.51541151846551037E10

var_c	harmindex	freq[24, ::]
4.59999999999999964E0	0	0.00000000000000000E0
4.59999999999999964E0	1	2.51415838166056105E9
4.59999999999999964E0	2	5.02831676332112210E9
4.59999999999999964E0	3	7.54247514498168492E9
4.59999999999999964E0	4	1.00566335266422446E10
4.59999999999999964E0	5	1.25707919083028052E10
4.59999999999999964E0	6	1.50849502899633703E10
4.59999999999999964E0	7	1.75991086716239309E10
4.59999999999999964E0	8	2.01132670532844893E10
4.59999999999999964E0	9	2.26274254349450610E10
4.59999999999999964E0	10	2.51415838166056105E10

var_c	harmindex	freq[25, ::]
4.69999999999999929E0	0	0.00000000000000000E0
4.69999999999999929E0	1	2.51295384327846927E9
4.69999999999999929E0	2	5.02590768655693854E9
4.69999999999999929E0	3	7.53886152983540558E9
4.69999999999999929E0	4	1.00518153731138771E10
4.69999999999999929E0	5	1.25647692163923463E10
4.69999999999999929E0	6	1.50777230596708112E10
4.69999999999999929E0	7	1.75906769029492760E10
4.69999999999999929E0	8	2.01036307462277541E10
4.69999999999999929E0	9	2.26165845895062212E10
4.69999999999999929E0	10	2.51295384327846927E10

var_c	harmindex	freq[26, ::]
4.79999999999999893E0	0	0.00000000000000000E0
4.79999999999999893E0	1	2.51179513543170696E9
4.79999999999999893E0	2	5.02359027086341392E9
4.79999999999999893E0	3	7.53538540629511999E9
4.79999999999999893E0	4	1.00471805417268278E10
4.79999999999999893E0	5	1.25589756771585348E10
4.79999999999999893E0	6	1.50707708125902395E10
4.79999999999999893E0	7	1.75825659480219554E10
4.79999999999999893E0	8	2.00943610834536557E10
4.79999999999999893E0	9	2.26061562188853626E10
4.79999999999999893E0	10	2.51179513543170696E10

var_c	harmindex	freq[27, ::]
4.89999999999999858E0	0	0.00000000000000000E0
4.89999999999999858E0	1	2.51067969203294172E9
4.89999999999999858E0	2	5.02135938406588345E9
4.89999999999999858E0	3	7.53203907609882606E9
4.89999999999999858E0	4	1.00427187681317664E10
4.89999999999999858E0	5	1.25533984601647086E10
4.89999999999999858E0	6	1.50640781521976530E10
4.89999999999999858E0	7	1.75747578442305974E10
4.89999999999999858E0	8	2.00854375362635329E10
4.89999999999999858E0	9	2.25961172282964862E10
4.89999999999999858E0	10	2.51067969203294172E10

var_c	harmindex	freq[28, ::]
4.99999999999999822E0	0	0.00000000000000000E0
4.99999999999999822E0	1	2.50960513501232452E9
4.99999999999999822E0	2	5.01921027002464903E9
4.99999999999999822E0	3	7.52881540503697266E9
4.99999999999999822E0	4	1.00384205400492976E10
4.99999999999999822E0	5	1.25480256750616226E10
4.99999999999999822E0	6	1.50576308100739453E10
4.99999999999999822E0	7	1.75672359450862636E10
4.99999999999999822E0	8	2.00768410800985952E10
4.99999999999999822E0	9	2.25864462151109135E10
4.99999999999999822E0	10	2.50960513501232452E10

var_c	harmindex	freq[29, ::]
5.09999999999999787E0	0	0.00000000000000000E0
5.09999999999999787E0	1	2.50856925740914294E9
5.09999999999999787E0	2	5.01713851481828588E9
5.09999999999999787E0	3	7.52570777222742571E9
5.09999999999999787E0	4	1.00342770296365713E10
5.09999999999999787E0	5	1.25428462870457147E10
5.09999999999999787E0	6	1.50514155444548514E10
5.09999999999999787E0	7	1.75599848018639970E10
5.09999999999999787E0	8	2.00685540592731426E10
5.09999999999999787E0	9	2.25771233166822860E10
5.09999999999999787E0	10	2.50856925740914294E10

var_c	harmindex	freq[30, ::]
5.19999999999999751E0	0	0.00000000000000000E0
5.19999999999999751E0	1	2.50757000825809584E9
5.19999999999999751E0	2	5.01514001651619168E9
5.19999999999999751E0	3	7.52271002477429285E9
5.19999999999999751E0	4	1.00302800330323838E10
5.19999999999999751E0	5	1.25378500412904859E10
5.19999999999999751E0	6	1.50454200495485857E10
5.19999999999999751E0	7	1.75529900578066789E10
5.19999999999999751E0	8	2.00605600660647676E10
5.19999999999999751E0	9	2.25681300743228741E10
5.19999999999999751E0	10	2.50757000825809717E10

var_c	harmindex	freq[31, ::]
5.29999999999999716E0	0	0.00000000000000000E0
5.29999999999999716E0	1	2.50660547904672804E9
5.29999999999999716E0	2	5.01321095809345607E9
5.29999999999999716E0	3	7.51981643714018411E9
5.29999999999999716E0	4	1.00264219161869117E10
5.29999999999999716E0	5	1.25330273952336402E10
5.29999999999999716E0	6	1.50396328742803687E10
5.29999999999999716E0	7	1.75462383533270971E10
5.29999999999999716E0	8	2.00528438323738234E10
5.29999999999999716E0	9	2.25594493114205541E10
5.29999999999999716E0	10	2.50660547904672804E10

var_c	harmindex	freq[32, ::]
5.39999999999999680E0	0	0.00000000000000000E0
5.39999999999999680E0	1	2.50567389156110831E9
5.39999999999999680E0	2	5.01134778312221663E9
5.39999999999999680E0	3	7.51702167468332316E9
5.39999999999999680E0	4	1.00226955662444328E10
5.39999999999999680E0	5	1.25283694578055416E10
5.39999999999999680E0	6	1.50340433493666459E10
5.39999999999999680E0	7	1.75397172409277613E10
5.39999999999999680E0	8	2.00453911324888656E10
5.39999999999999680E0	9	2.25510650240499766E10
5.39999999999999680E0	10	2.50567389156110831E10

var_c	harmindex	freq[33, ::]
5.50000000000000000E0	0	0.00000000000000000E0
5.50000000000000000E0	1	2.50477358379190784E9
5.50000000000000000E0	2	5.00954716758381569E9
5.50000000000000000E0	3	7.51432075137572486E9
5.50000000000000000E0	4	1.00190943351676309E10
5.50000000000000000E0	5	1.25238679189595392E10
5.50000000000000000E0	6	1.50286415027514497E10
5.50000000000000000E0	7	1.75334150865433536E10
5.50000000000000000E0	8	2.00381886703352619E10
5.50000000000000000E0	9	2.25429622541271701E10
5.50000000000000000E0	10	2.50477358379190784E10


